kind,method,family,seed,t,status,ap_native,ap_sobol,precision,recall,f1,n_pred_active
replay,additive/amplitude,aligned10,0,50,excluded,0.2098263559221138,0.28048676261450806,0.0,0.0,0.0,1
replay,additive/amplitude,aligned10,0,100,excluded,0.4936984574933936,0.5450475072061491,1.0,0.3,0.4615384615384615,3
replay,additive/amplitude,aligned10,0,199,excluded,0.8560212201591512,0.8863235294117647,1.0,0.3,0.4615384615384615,3
replay,additive/amplitude,aligned10,1,50,excluded,0.19082065766091355,0.2384694561972434,nan,0.0,nan,0
replay,additive/amplitude,aligned10,1,100,excluded,0.7322277974176707,0.7298837542258595,1.0,0.4,0.5714285714285715,4
replay,additive/amplitude,aligned10,1,199,excluded,1.0,1.0,1.0,0.4,0.5714285714285715,4
replay,additive/amplitude,aligned10,2,50,excluded,0.22912461123617173,0.31587243638714224,0.0,0.0,0.0,2
replay,additive/amplitude,aligned10,2,100,excluded,0.17820625208324029,0.24637129895194407,0.5,0.1,0.16666666666666669,2
replay,additive/amplitude,aligned10,2,199,excluded,1.0,1.0,1.0,0.4,0.5714285714285715,4
replay,additive/amplitude,aligned10,3,50,excluded,0.1820091322147824,0.266927475520747,nan,0.0,nan,0
replay,additive/amplitude,aligned10,3,100,excluded,0.5438875373452838,0.5512317470381987,0.5,0.1,0.16666666666666669,2
replay,additive/amplitude,aligned10,3,199,excluded,0.7375577200577201,0.7259710991314765,0.8,0.4,0.5333333333333333,5
replay,additive/amplitude,aligned10,4,50,excluded,0.3067348529662194,0.28857069716295225,nan,0.0,nan,0
replay,additive/amplitude,aligned10,4,100,excluded,0.6338321482439129,0.6139448356696419,1.0,0.3,0.4615384615384615,3
replay,additive/amplitude,aligned10,4,199,excluded,1.0,1.0,1.0,0.5,0.6666666666666666,5
replay,additive/amplitude,aligned10,5,50,excluded,0.3918619979817207,0.610637374792723,1.0,0.1,0.18181818181818182,1
replay,additive/amplitude,aligned10,5,100,excluded,0.7763389103389103,0.8073304473304473,1.0,0.3,0.4615384615384615,3
replay,additive/amplitude,aligned10,5,199,excluded,1.0,1.0,1.0,0.5,0.6666666666666666,5
replay,additive/amplitude,aligned10,6,50,excluded,0.4416656333115556,0.508519536019536,1.0,0.2,0.33333333333333337,2
replay,additive/amplitude,aligned10,6,100,excluded,0.4829343529355789,0.571823821134166,1.0,0.2,0.33333333333333337,2
replay,additive/amplitude,aligned10,6,199,excluded,0.9227272727272726,0.9285714285714285,1.0,0.2,0.33333333333333337,2
replay,additive/amplitude,aligned10,7,50,excluded,0.5558698004201826,0.5895862068965517,1.0,0.1,0.18181818181818182,1
replay,additive/amplitude,aligned10,7,100,excluded,0.7639260563380281,0.7294156587119974,1.0,0.3,0.4615384615384615,3
replay,additive/amplitude,aligned10,7,199,excluded,1.0,1.0,1.0,0.7,0.8235294117647058,7
replay,additive/amplitude,aligned10,8,50,excluded,0.3337073083971818,0.5278126805815593,nan,0.0,nan,0
replay,additive/amplitude,aligned10,8,100,excluded,0.5242994872342699,0.6845025172231054,nan,0.0,nan,0
replay,additive/amplitude,aligned10,8,199,excluded,0.9434782608695652,0.9714285714285715,1.0,0.5,0.6666666666666666,5
replay,additive/amplitude,aligned10,9,50,excluded,0.34292263338499474,0.40328176635337976,1.0,0.1,0.18181818181818182,1
replay,additive/amplitude,aligned10,9,100,excluded,0.5724843215134966,0.6123879551820728,1.0,0.2,0.33333333333333337,2
replay,additive/amplitude,aligned10,9,199,excluded,1.0,1.0,1.0,0.7,0.8235294117647058,7
replay,additive/amplitude,decoupled,0,50,excluded,0.5000061947856065,0.765625,1.0,0.125,0.2222222222222222,1
replay,additive/amplitude,decoupled,0,100,excluded,0.6608203748006379,0.7935652709359606,1.0,0.25,0.4,2
replay,additive/amplitude,decoupled,0,199,excluded,0.8101851851851851,0.8499536178107607,1.0,0.5,0.6666666666666666,4
replay,additive/amplitude,decoupled,1,50,excluded,0.3205252288054209,0.3789179084457071,1.0,0.125,0.2222222222222222,1
replay,additive/amplitude,decoupled,1,100,excluded,0.5140736570199083,0.49454644176511187,0.5,0.125,0.2,2
replay,additive/amplitude,decoupled,1,199,excluded,0.9464285714285714,0.9861111111111112,1.0,0.75,0.8571428571428571,6
replay,additive/amplitude,decoupled,2,50,excluded,0.31402230432402845,0.49309159996766105,0.5,0.125,0.2,2
replay,additive/amplitude,decoupled,2,100,excluded,0.8659722222222221,0.8114276960784315,1.0,0.375,0.5454545454545454,3
replay,additive/amplitude,decoupled,2,199,excluded,0.907258064516129,0.9519230769230769,1.0,0.375,0.5454545454545454,3
replay,additive/amplitude,decoupled,3,50,excluded,0.2236605223362439,0.28743151857558635,1.0,0.125,0.2222222222222222,1
replay,additive/amplitude,decoupled,3,100,excluded,0.6931502525252525,0.7903012684989429,1.0,0.5,0.6666666666666666,4
replay,additive/amplitude,decoupled,3,199,excluded,1.0,1.0,1.0,0.625,0.7692307692307693,5
replay,additive/amplitude,decoupled,4,50,excluded,0.11960739044465961,0.18783049577541103,nan,0.0,nan,0
replay,additive/amplitude,decoupled,4,100,excluded,0.2631600334972045,0.33260298151434936,0.0,0.0,0.0,1
replay,additive/amplitude,decoupled,4,199,excluded,0.8863636363636364,0.8925438596491229,1.0,0.625,0.7692307692307693,5
replay,additive/amplitude,decoupled,5,50,excluded,0.225477556583274,0.291950154666358,0.5,0.125,0.2,2
replay,additive/amplitude,decoupled,5,100,excluded,0.8891369047619048,0.9472222222222222,0.8,0.5,0.6153846153846154,5
replay,additive/amplitude,decoupled,5,199,excluded,1.0,1.0,1.0,0.75,0.8571428571428571,6
replay,additive/amplitude,decoupled,6,50,excluded,0.24039254016431047,0.32421308444326347,0.5,0.125,0.2,2
replay,additive/amplitude,decoupled,6,100,excluded,0.4077838827838828,0.4656424438682503,0.3333333333333333,0.125,0.18181818181818182,3
replay,additive/amplitude,decoupled,6,199,excluded,1.0,1.0,1.0,0.375,0.5454545454545454,3
replay,additive/amplitude,decoupled,7,50,excluded,0.6438619820828668,0.6794595110771582,1.0,0.25,0.4,2
replay,additive/amplitude,decoupled,7,100,excluded,0.8365575396825398,0.824156746031746,1.0,0.25,0.4,2
replay,additive/amplitude,decoupled,7,199,excluded,0.8875,0.9583333333333333,1.0,0.375,0.5454545454545454,3
replay,additive/amplitude,decoupled,8,50,excluded,0.31784870534870535,0.6112202380952381,nan,0.0,nan,0
replay,additive/amplitude,decoupled,8,100,excluded,0.7882059800664452,0.8333333333333333,1.0,0.25,0.4,2
replay,additive/amplitude,decoupled,8,199,excluded,1.0,1.0,1.0,0.75,0.8571428571428571,6
replay,additive/amplitude,decoupled,9,50,excluded,0.17842494663869385,0.22008787710670003,0.0,0.0,0.0,1
replay,additive/amplitude,decoupled,9,100,excluded,0.6101911976911978,0.6705357142857142,1.0,0.25,0.4,2
replay,additive/amplitude,decoupled,9,199,excluded,1.0,1.0,1.0,0.625,0.7692307692307693,5
replay,additive/amplitude_r2d2,aligned10,0,50,excluded,0.38794780440046417,0.3344444902996693,nan,0.0,nan,0
replay,additive/amplitude_r2d2,aligned10,0,100,excluded,0.7116650727488165,0.7155061510993714,nan,0.0,nan,0
replay,additive/amplitude_r2d2,aligned10,0,199,excluded,0.8246808746808746,0.8262834387834388,nan,0.0,nan,0
replay,additive/amplitude_r2d2,aligned10,1,50,excluded,0.15657200516711103,0.15501749583169516,nan,0.0,nan,0
replay,additive/amplitude_r2d2,aligned10,1,100,excluded,0.506949070433113,0.6002442528735632,nan,0.0,nan,0
replay,additive/amplitude_r2d2,aligned10,1,199,excluded,1.0,0.990909090909091,nan,0.0,nan,0
replay,additive/amplitude_r2d2,aligned10,2,50,excluded,0.455436507936508,0.4500092431484413,nan,0.0,nan,0
replay,additive/amplitude_r2d2,aligned10,2,100,excluded,0.4826516076516077,0.5112732919254658,nan,0.0,nan,0
replay,additive/amplitude_r2d2,aligned10,2,199,excluded,1.0,1.0,nan,0.0,nan,0
replay,additive/amplitude_r2d2,aligned10,3,50,excluded,0.4646213124889596,0.5311667921172529,nan,0.0,nan,0
replay,additive/amplitude_r2d2,aligned10,3,100,excluded,0.7527507284471341,0.7447698412698414,nan,0.0,nan,0
replay,additive/amplitude_r2d2,aligned10,3,199,excluded,0.9833333333333334,0.9833333333333334,nan,0.0,nan,0
replay,additive/amplitude_r2d2,aligned10,4,50,excluded,0.5215433397012343,0.5298567207390736,nan,0.0,nan,0
replay,additive/amplitude_r2d2,aligned10,4,100,excluded,0.7136835748792271,0.7822375541125541,nan,0.0,nan,0
replay,additive/amplitude_r2d2,aligned10,4,199,excluded,0.9277777777777778,0.9532467532467532,nan,0.0,nan,0
replay,additive/amplitude_r2d2,aligned10,5,50,excluded,0.47932765892518214,0.5742906480774128,nan,0.0,nan,0
replay,additive/amplitude_r2d2,aligned10,5,100,excluded,0.7070729832652064,0.7640231092436975,nan,0.0,nan,0
replay,additive/amplitude_r2d2,aligned10,5,199,excluded,0.95,0.9733333333333334,nan,0.0,nan,0
replay,additive/amplitude_r2d2,aligned10,6,50,excluded,0.36746006288935973,0.40923536608319216,nan,0.0,nan,0
replay,additive/amplitude_r2d2,aligned10,6,100,excluded,0.4979058277878604,0.542239010989011,nan,0.0,nan,0
replay,additive/amplitude_r2d2,aligned10,6,199,excluded,0.8803968253968254,0.905,nan,0.0,nan,0
replay,additive/amplitude_r2d2,aligned10,7,50,excluded,0.6088127881609633,0.5414320337385353,nan,0.0,nan,0
replay,additive/amplitude_r2d2,aligned10,7,100,excluded,0.7525837742504409,0.7719047619047619,nan,0.0,nan,0
replay,additive/amplitude_r2d2,aligned10,7,199,excluded,0.990909090909091,1.0,1.0,0.1,0.18181818181818182,1
replay,additive/amplitude_r2d2,aligned10,8,50,excluded,0.42527276276171805,0.5331575149996203,nan,0.0,nan,0
replay,additive/amplitude_r2d2,aligned10,8,100,excluded,0.6921184062850729,0.791133069828722,nan,0.0,nan,0
replay,additive/amplitude_r2d2,aligned10,8,199,excluded,0.8387662337662338,0.9,nan,0.0,nan,0
replay,additive/amplitude_r2d2,aligned10,9,50,excluded,0.2805856807805228,0.3005189255189255,nan,0.0,nan,0
replay,additive/amplitude_r2d2,aligned10,9,100,excluded,0.7314310689310689,0.6969079794079794,nan,0.0,nan,0
replay,additive/amplitude_r2d2,aligned10,9,199,excluded,1.0,1.0,nan,0.0,nan,0
replay,additive/amplitude_r2d2,aligned3,0,50,excluded,1.0,1.0,nan,0.0,nan,0
replay,additive/amplitude_r2d2,aligned3,0,100,excluded,1.0,1.0,nan,0.0,nan,0
replay,additive/amplitude_r2d2,aligned3,0,199,excluded,1.0,1.0,1.0,1.0,1.0,3
replay,additive/amplitude_r2d2,aligned3,1,50,excluded,1.0,1.0,nan,0.0,nan,0
replay,additive/amplitude_r2d2,aligned3,1,100,excluded,1.0,1.0,1.0,0.3333333333333333,0.5,1
replay,additive/amplitude_r2d2,aligned3,1,199,excluded,1.0,1.0,1.0,0.6666666666666666,0.8,2
replay,additive/amplitude_r2d2,aligned3,2,50,excluded,0.45088566827697263,0.4513888888888889,nan,0.0,nan,0
replay,additive/amplitude_r2d2,aligned3,2,100,excluded,1.0,1.0,1.0,0.6666666666666666,0.8,2
replay,additive/amplitude_r2d2,aligned3,2,199,excluded,1.0,1.0,1.0,1.0,1.0,3
replay,additive/amplitude_r2d2,aligned3,3,50,excluded,0.7051282051282052,0.8095238095238094,1.0,0.3333333333333333,0.5,1
replay,additive/amplitude_r2d2,aligned3,3,100,excluded,1.0,1.0,1.0,1.0,1.0,3
replay,additive/amplitude_r2d2,aligned3,3,199,excluded,1.0,1.0,1.0,1.0,1.0,3
replay,additive/amplitude_r2d2,aligned3,4,50,excluded,0.7777777777777777,0.7555555555555555,1.0,0.3333333333333333,0.5,1
replay,additive/amplitude_r2d2,aligned3,4,100,excluded,1.0,1.0,1.0,0.6666666666666666,0.8,2
replay,additive/amplitude_r2d2,aligned3,4,199,excluded,1.0,1.0,1.0,1.0,1.0,3
replay,additive/amplitude_r2d2,aligned3,5,50,excluded,0.22373949579831934,0.5588235294117647,nan,0.0,nan,0
replay,additive/amplitude_r2d2,aligned3,5,100,excluded,1.0,1.0,1.0,1.0,1.0,3
replay,additive/amplitude_r2d2,aligned3,5,199,excluded,1.0,1.0,1.0,1.0,1.0,3
replay,additive/amplitude_r2d2,aligned3,6,50,excluded,1.0,1.0,1.0,0.3333333333333333,0.5,1
replay,additive/amplitude_r2d2,aligned3,6,100,excluded,1.0,1.0,1.0,0.6666666666666666,0.8,2
replay,additive/amplitude_r2d2,aligned3,6,199,excluded,1.0,1.0,1.0,1.0,1.0,3
replay,additive/amplitude_r2d2,aligned3,7,50,excluded,0.6333333333333333,0.7000000000000001,1.0,0.3333333333333333,0.5,1
replay,additive/amplitude_r2d2,aligned3,7,100,excluded,1.0,1.0,1.0,0.6666666666666666,0.8,2
replay,additive/amplitude_r2d2,aligned3,7,199,excluded,1.0,1.0,1.0,1.0,1.0,3
replay,additive/amplitude_r2d2,aligned3,8,50,excluded,0.3876117496807152,0.42016806722689076,nan,0.0,nan,0
replay,additive/amplitude_r2d2,aligned3,8,100,excluded,0.7380952380952381,0.8095238095238094,nan,0.0,nan,0
replay,additive/amplitude_r2d2,aligned3,8,199,excluded,1.0,1.0,1.0,1.0,1.0,3
replay,additive/amplitude_r2d2,aligned3,9,50,excluded,0.5625,0.6805555555555555,nan,0.0,nan,0
replay,additive/amplitude_r2d2,aligned3,9,100,excluded,1.0,1.0,1.0,0.3333333333333333,0.5,1
replay,additive/amplitude_r2d2,aligned3,9,199,excluded,1.0,1.0,1.0,1.0,1.0,3
replay,additive/amplitude_r2d2,anti_aligned,0,50,excluded,0.2720128397442766,0.2598022955391709,nan,0.0,nan,0
replay,additive/amplitude_r2d2,anti_aligned,0,100,excluded,0.9333333333333332,0.9761904761904763,nan,0.0,nan,0
replay,additive/amplitude_r2d2,anti_aligned,0,199,excluded,1.0,1.0,nan,0.0,nan,0
replay,additive/amplitude_r2d2,anti_aligned,1,50,excluded,0.5152750843927315,0.37755955628296056,nan,0.0,nan,0
replay,additive/amplitude_r2d2,anti_aligned,1,100,excluded,0.5642288071865537,0.716899766899767,1.0,0.16666666666666666,0.2857142857142857,1
replay,additive/amplitude_r2d2,anti_aligned,1,199,excluded,0.9583333333333334,0.8972222222222221,1.0,0.16666666666666666,0.2857142857142857,1
replay,additive/amplitude_r2d2,anti_aligned,2,50,excluded,0.49700435729847486,0.5756060606060607,nan,0.0,nan,0
replay,additive/amplitude_r2d2,anti_aligned,2,100,excluded,0.6966639763249932,0.7172413793103448,nan,0.0,nan,0
replay,additive/amplitude_r2d2,anti_aligned,2,199,excluded,0.9484126984126985,0.9305555555555557,1.0,0.5,0.6666666666666666,3
replay,additive/amplitude_r2d2,anti_aligned,3,50,excluded,0.14280267814687908,0.1334054834054834,nan,0.0,nan,0
replay,additive/amplitude_r2d2,anti_aligned,3,100,excluded,0.8577235772357724,0.7374358974358975,1.0,0.16666666666666666,0.2857142857142857,1
replay,additive/amplitude_r2d2,anti_aligned,3,199,excluded,0.9102564102564102,0.9047619047619048,1.0,0.3333333333333333,0.5,2
replay,additive/amplitude_r2d2,anti_aligned,4,50,excluded,0.2640953325163852,0.2741981672394043,nan,0.0,nan,0
replay,additive/amplitude_r2d2,anti_aligned,4,100,excluded,0.8722222222222222,0.7895622895622895,1.0,0.16666666666666666,0.2857142857142857,1
replay,additive/amplitude_r2d2,anti_aligned,4,199,excluded,1.0,0.9761904761904763,1.0,0.6666666666666666,0.8,4
replay,additive/amplitude_r2d2,anti_aligned,5,50,excluded,0.24254270080413307,0.25960738701610914,nan,0.0,nan,0
replay,additive/amplitude_r2d2,anti_aligned,5,100,excluded,1.0,0.9761904761904763,1.0,0.16666666666666666,0.2857142857142857,1
replay,additive/amplitude_r2d2,anti_aligned,5,199,excluded,1.0,1.0,1.0,0.5,0.6666666666666666,3
replay,additive/amplitude_r2d2,anti_aligned,6,50,excluded,0.060131259773028335,0.08774407321597143,nan,0.0,nan,0
replay,additive/amplitude_r2d2,anti_aligned,6,100,excluded,0.8888888888888888,0.8198412698412699,nan,0.0,nan,0
replay,additive/amplitude_r2d2,anti_aligned,6,199,excluded,1.0,0.9761904761904763,1.0,0.16666666666666666,0.2857142857142857,1
replay,additive/amplitude_r2d2,anti_aligned,7,50,excluded,0.37352640415140415,0.4649350649350649,nan,0.0,nan,0
replay,additive/amplitude_r2d2,anti_aligned,7,100,excluded,0.8505747126436782,0.8717948717948718,1.0,0.3333333333333333,0.5,2
replay,additive/amplitude_r2d2,anti_aligned,7,199,excluded,0.9761904761904763,0.9,1.0,0.8333333333333334,0.9090909090909091,5
replay,additive/amplitude_r2d2,anti_aligned,8,50,excluded,0.24221655328798186,0.16274163148000512,nan,0.0,nan,0
replay,additive/amplitude_r2d2,anti_aligned,8,100,excluded,0.6103408029878619,0.5197550034506556,nan,0.0,nan,0
replay,additive/amplitude_r2d2,anti_aligned,8,199,excluded,1.0,1.0,nan,0.0,nan,0
replay,additive/amplitude_r2d2,anti_aligned,9,50,excluded,0.3749996423492788,0.48312515972399694,nan,0.0,nan,0
replay,additive/amplitude_r2d2,anti_aligned,9,100,excluded,0.8095238095238094,0.7467592592592592,nan,0.0,nan,0
replay,additive/amplitude_r2d2,anti_aligned,9,199,excluded,1.0,1.0,1.0,0.16666666666666666,0.2857142857142857,1
replay,additive/amplitude_r2d2,decoupled,0,50,excluded,0.5749255303690788,0.6587533772374198,nan,0.0,nan,0
replay,additive/amplitude_r2d2,decoupled,0,100,excluded,0.5890571850196759,0.6434767759562842,nan,0.0,nan,0
replay,additive/amplitude_r2d2,decoupled,0,199,excluded,0.8888888888888888,0.8778935185185185,1.0,0.125,0.2222222222222222,1
replay,additive/amplitude_r2d2,decoupled,1,50,excluded,0.2688717532467533,0.4320763860493996,nan,0.0,nan,0
replay,additive/amplitude_r2d2,decoupled,1,100,excluded,0.36997346129878406,0.41393861892583117,1.0,0.25,0.4,2
replay,additive/amplitude_r2d2,decoupled,1,199,excluded,0.8950892857142857,0.8922413793103449,1.0,0.625,0.7692307692307693,5
replay,additive/amplitude_r2d2,decoupled,2,50,excluded,0.45795949693008514,0.46496161660649293,nan,0.0,nan,0
replay,additive/amplitude_r2d2,decoupled,2,100,excluded,0.7796875,0.7359150326797386,nan,0.0,nan,0
replay,additive/amplitude_r2d2,decoupled,2,199,excluded,0.9659090909090909,0.975,nan,0.0,nan,0
replay,additive/amplitude_r2d2,decoupled,3,50,excluded,0.13910182910916766,0.17122350738609693,nan,0.0,nan,0
replay,additive/amplitude_r2d2,decoupled,3,100,excluded,0.7269554093567252,0.7133907004830917,1.0,0.125,0.2222222222222222,1
replay,additive/amplitude_r2d2,decoupled,3,199,excluded,0.975,0.8928952991452992,nan,0.0,nan,0
replay,additive/amplitude_r2d2,decoupled,4,50,excluded,0.12271690059002326,0.24105220437457278,nan,0.0,nan,0
replay,additive/amplitude_r2d2,decoupled,4,100,excluded,0.40263291396103895,0.36488600937626425,nan,0.0,nan,0
replay,additive/amplitude_r2d2,decoupled,4,199,excluded,0.959375,0.9464285714285714,nan,0.0,nan,0
replay,additive/amplitude_r2d2,decoupled,5,50,excluded,0.12888741332268705,0.3119608384943608,nan,0.0,nan,0
replay,additive/amplitude_r2d2,decoupled,5,100,excluded,0.9519230769230769,0.9704861111111112,1.0,0.125,0.2222222222222222,1
replay,additive/amplitude_r2d2,decoupled,5,199,excluded,1.0,0.9861111111111112,1.0,0.25,0.4,2
replay,additive/amplitude_r2d2,decoupled,6,50,excluded,0.21765805214882974,0.2411566836330492,1.0,0.125,0.2222222222222222,1
replay,additive/amplitude_r2d2,decoupled,6,100,excluded,0.5336074561403509,0.5075081168831169,1.0,0.125,0.2222222222222222,1
replay,additive/amplitude_r2d2,decoupled,6,199,excluded,0.7708333333333333,0.7787698412698413,1.0,0.125,0.2222222222222222,1
replay,additive/amplitude_r2d2,decoupled,7,50,excluded,0.37994877043045044,0.4008078882402266,nan,0.0,nan,0
replay,additive/amplitude_r2d2,decoupled,7,100,excluded,0.7365259740259741,0.7393849206349206,nan,0.0,nan,0
replay,additive/amplitude_r2d2,decoupled,7,199,excluded,0.975,0.9704861111111112,1.0,0.125,0.2222222222222222,1
replay,additive/amplitude_r2d2,decoupled,8,50,excluded,0.10044789056350725,0.16774210727335728,nan,0.0,nan,0
replay,additive/amplitude_r2d2,decoupled,8,100,excluded,0.9381313131313131,0.9464285714285714,nan,0.0,nan,0
replay,additive/amplitude_r2d2,decoupled,8,199,excluded,1.0,0.9861111111111112,1.0,0.125,0.2222222222222222,1
replay,additive/amplitude_r2d2,decoupled,9,50,excluded,0.3718161114856009,0.41878524436090225,nan,0.0,nan,0
replay,additive/amplitude_r2d2,decoupled,9,100,excluded,0.7415723981900453,0.7389735772357724,nan,0.0,nan,0
replay,additive/amplitude_r2d2,decoupled,9,199,excluded,1.0,1.0,1.0,0.25,0.4,2
replay,additive/amplitude_r2d2,interaction_g0.00,0,50,excluded,0.569047619047619,0.6433333333333333,nan,0.0,nan,0
replay,additive/amplitude_r2d2,interaction_g0.00,0,100,excluded,1.0,1.0,nan,0.0,nan,0
replay,additive/amplitude_r2d2,interaction_g0.00,0,199,excluded,1.0,1.0,nan,0.0,nan,0
replay,additive/amplitude_r2d2,interaction_g0.00,1,50,excluded,0.3725502104880823,0.419938080495356,nan,0.0,nan,0
replay,additive/amplitude_r2d2,interaction_g0.00,1,100,excluded,0.8588235294117647,0.8454545454545455,nan,0.0,nan,0
replay,additive/amplitude_r2d2,interaction_g0.00,1,199,excluded,1.0,1.0,1.0,0.2,0.33333333333333337,1
replay,additive/amplitude_r2d2,interaction_g0.00,2,50,excluded,0.5452747252747252,0.45820512820512815,nan,0.0,nan,0
replay,additive/amplitude_r2d2,interaction_g0.00,2,100,excluded,1.0,1.0,nan,0.0,nan,0
replay,additive/amplitude_r2d2,interaction_g0.00,2,199,excluded,1.0,1.0,1.0,0.2,0.33333333333333337,1
replay,additive/amplitude_r2d2,interaction_g0.00,3,50,excluded,0.346031746031746,0.3793280632411067,nan,0.0,nan,0
replay,additive/amplitude_r2d2,interaction_g0.00,3,100,excluded,0.8433333333333334,0.925,nan,0.0,nan,0
replay,additive/amplitude_r2d2,interaction_g0.00,3,199,excluded,1.0,1.0,1.0,0.8,0.888888888888889,4
replay,additive/amplitude_r2d2,interaction_g0.00,4,50,excluded,0.33079435483870967,0.31447436508615595,nan,0.0,nan,0
replay,additive/amplitude_r2d2,interaction_g0.00,4,100,excluded,0.8277777777777778,0.8711111111111111,nan,0.0,nan,0
replay,additive/amplitude_r2d2,interaction_g0.00,4,199,excluded,1.0,1.0,1.0,0.6,0.7499999999999999,3
replay,additive/amplitude_r2d2,interaction_g0.00,5,50,excluded,0.33361111111111114,0.32806026365348406,nan,0.0,nan,0
replay,additive/amplitude_r2d2,interaction_g0.00,5,100,excluded,0.40776221599751017,0.5146778711484593,nan,0.0,nan,0
replay,additive/amplitude_r2d2,interaction_g0.00,5,199,excluded,1.0,1.0,1.0,0.2,0.33333333333333337,1
replay,additive/amplitude_r2d2,interaction_g0.00,6,50,excluded,0.4234236777715038,0.5564912280701755,nan,0.0,nan,0
replay,additive/amplitude_r2d2,interaction_g0.00,6,100,excluded,1.0,1.0,1.0,0.2,0.33333333333333337,1
replay,additive/amplitude_r2d2,interaction_g0.00,6,199,excluded,1.0,1.0,1.0,0.8,0.888888888888889,4
replay,additive/amplitude_r2d2,interaction_g0.00,7,50,excluded,0.6436279069767442,0.7583333333333333,1.0,0.2,0.33333333333333337,1
replay,additive/amplitude_r2d2,interaction_g0.00,7,100,excluded,1.0,1.0,1.0,0.6,0.7499999999999999,3
replay,additive/amplitude_r2d2,interaction_g0.00,7,199,excluded,1.0,1.0,1.0,0.8,0.888888888888889,4
replay,additive/amplitude_r2d2,interaction_g0.00,8,50,excluded,0.4524276729559749,0.5360046457607434,nan,0.0,nan,0
replay,additive/amplitude_r2d2,interaction_g0.00,8,100,excluded,0.46193871169480927,0.590846394984326,nan,0.0,nan,0
replay,additive/amplitude_r2d2,interaction_g0.00,8,199,excluded,0.9666666666666666,0.9666666666666666,nan,0.0,nan,0
replay,additive/amplitude_r2d2,interaction_g0.00,9,50,excluded,0.3044290056448111,0.3271951219512195,nan,0.0,nan,0
replay,additive/amplitude_r2d2,interaction_g0.00,9,100,excluded,0.9666666666666666,0.9666666666666666,nan,0.0,nan,0
replay,additive/amplitude_r2d2,interaction_g0.00,9,199,excluded,1.0,1.0,1.0,0.4,0.5714285714285715,2
replay,additive/amplitude_r2d2,interaction_g0.25,0,50,excluded,0.5031170087773862,0.5000577200577201,nan,0.0,nan,0
replay,additive/amplitude_r2d2,interaction_g0.25,0,100,excluded,1.0,1.0,1.0,0.2,0.33333333333333337,1
replay,additive/amplitude_r2d2,interaction_g0.25,0,199,excluded,0.925,0.9428571428571428,1.0,0.6,0.7499999999999999,3
replay,additive/amplitude_r2d2,interaction_g0.25,1,50,excluded,0.3103615633193098,0.40506556245686676,nan,0.0,nan,0
replay,additive/amplitude_r2d2,interaction_g0.25,1,100,excluded,0.6642857142857143,0.7551948051948052,nan,0.0,nan,0
replay,additive/amplitude_r2d2,interaction_g0.25,1,199,excluded,0.71,1.0,0.8,0.8,0.8000000000000002,5
replay,additive/amplitude_r2d2,interaction_g0.25,2,50,excluded,0.08215476190476192,0.17291235334713595,nan,0.0,nan,0
replay,additive/amplitude_r2d2,interaction_g0.25,2,100,excluded,0.43014492753623185,0.3821052631578947,nan,0.0,nan,0
replay,additive/amplitude_r2d2,interaction_g0.25,2,199,excluded,0.9666666666666666,1.0,1.0,0.6,0.7499999999999999,3
replay,additive/amplitude_r2d2,interaction_g0.25,3,50,excluded,0.0996532999164578,0.12166229850797403,nan,0.0,nan,0
replay,additive/amplitude_r2d2,interaction_g0.25,3,100,excluded,0.3052688172043011,0.34245014245014244,0.0,0.0,0.0,1
replay,additive/amplitude_r2d2,interaction_g0.25,3,199,excluded,0.6416666666666666,0.925,0.75,0.6,0.6666666666666665,4
replay,additive/amplitude_r2d2,interaction_g0.25,4,50,excluded,0.09638400130335614,0.10462915352621235,nan,0.0,nan,0
replay,additive/amplitude_r2d2,interaction_g0.25,4,100,excluded,0.2307506645401382,0.33222222222222225,0.0,0.0,0.0,1
replay,additive/amplitude_r2d2,interaction_g0.25,4,199,excluded,1.0,1.0,1.0,0.6,0.7499999999999999,3
replay,additive/amplitude_r2d2,interaction_g0.25,5,50,excluded,0.042994577852149066,0.11745284566180089,nan,0.0,nan,0
replay,additive/amplitude_r2d2,interaction_g0.25,5,100,excluded,0.3472222222222222,0.3507602339181287,0.0,0.0,0.0,1
replay,additive/amplitude_r2d2,interaction_g0.25,5,199,excluded,0.9,1.0,1.0,0.6,0.7499999999999999,3
replay,additive/amplitude_r2d2,interaction_g0.25,6,50,excluded,0.22217008797653964,0.29256038647342997,nan,0.0,nan,0
replay,additive/amplitude_r2d2,interaction_g0.25,6,100,excluded,0.7244927536231884,0.742156862745098,1.0,0.4,0.5714285714285715,2
replay,additive/amplitude_r2d2,interaction_g0.25,6,199,excluded,0.7861904761904761,0.9666666666666666,0.8,0.8,0.8000000000000002,5
replay,additive/amplitude_r2d2,interaction_g0.25,7,50,excluded,0.5150560224089636,0.6933333333333334,nan,0.0,nan,0
replay,additive/amplitude_r2d2,interaction_g0.25,7,100,excluded,0.8766666666666666,0.7861904761904761,1.0,0.2,0.33333333333333337,1
replay,additive/amplitude_r2d2,interaction_g0.25,7,199,excluded,1.0,1.0,1.0,0.8,0.888888888888889,4
replay,additive/amplitude_r2d2,interaction_g0.25,8,50,excluded,0.2770637427685152,0.4375,nan,0.0,nan,0
replay,additive/amplitude_r2d2,interaction_g0.25,8,100,excluded,0.7278571428571429,0.47837173579109055,nan,0.0,nan,0
replay,additive/amplitude_r2d2,interaction_g0.25,8,199,excluded,1.0,1.0,1.0,0.6,0.7499999999999999,3
replay,additive/amplitude_r2d2,interaction_g0.25,9,50,excluded,0.07038946943308597,0.2697951273532669,nan,0.0,nan,0
replay,additive/amplitude_r2d2,interaction_g0.25,9,100,excluded,0.14543927148080976,0.24945887445887446,nan,0.0,nan,0
replay,additive/amplitude_r2d2,interaction_g0.25,9,199,excluded,0.850909090909091,0.925,1.0,0.6,0.7499999999999999,3
replay,additive/amplitude_r2d2,interaction_g0.50,0,50,excluded,0.23621611265446885,0.3577962577962578,0.5,0.2,0.28571428571428575,2
replay,additive/amplitude_r2d2,interaction_g0.50,0,100,excluded,0.6766666666666666,0.6429824561403509,nan,0.0,nan,0
replay,additive/amplitude_r2d2,interaction_g0.50,0,199,excluded,0.9266666666666665,0.9666666666666666,1.0,0.6,0.7499999999999999,3
replay,additive/amplitude_r2d2,interaction_g0.50,1,50,excluded,0.34085239085239083,0.3881871345029239,nan,0.0,nan,0
replay,additive/amplitude_r2d2,interaction_g0.50,1,100,excluded,0.5271234512613823,0.5993939393939394,nan,0.0,nan,0
replay,additive/amplitude_r2d2,interaction_g0.50,1,199,excluded,0.46358974358974353,0.7984615384615384,0.6,0.6,0.6,5
replay,additive/amplitude_r2d2,interaction_g0.50,2,50,excluded,0.15886200716845877,0.12407720390842333,nan,0.0,nan,0
replay,additive/amplitude_r2d2,interaction_g0.50,2,100,excluded,0.45769666100735706,0.4345299145299145,0.0,0.0,0.0,1
replay,additive/amplitude_r2d2,interaction_g0.50,2,199,excluded,0.61,0.890909090909091,0.8,0.8,0.8000000000000002,5
replay,additive/amplitude_r2d2,interaction_g0.50,3,50,excluded,0.2617889317889318,0.35442348008385743,nan,0.0,nan,0
replay,additive/amplitude_r2d2,interaction_g0.50,3,100,excluded,0.810989010989011,0.8121951219512195,1.0,0.2,0.33333333333333337,1
replay,additive/amplitude_r2d2,interaction_g0.50,3,199,excluded,0.8277777777777778,0.8129870129870129,1.0,0.2,0.33333333333333337,1
replay,additive/amplitude_r2d2,interaction_g0.50,4,50,excluded,0.36365247084595065,0.21955436720142604,nan,0.0,nan,0
replay,additive/amplitude_r2d2,interaction_g0.50,4,100,excluded,0.41730158730158734,0.422258064516129,1.0,0.2,0.33333333333333337,1
replay,additive/amplitude_r2d2,interaction_g0.50,4,199,excluded,0.86,0.9666666666666666,1.0,0.6,0.7499999999999999,3
replay,additive/amplitude_r2d2,interaction_g0.50,5,50,excluded,0.10662117128154865,0.22968253968253965,nan,0.0,nan,0
replay,additive/amplitude_r2d2,interaction_g0.50,5,100,excluded,0.6440860215053763,0.7227272727272727,1.0,0.2,0.33333333333333337,1
replay,additive/amplitude_r2d2,interaction_g0.50,5,199,excluded,0.7497267759562842,0.7526315789473684,1.0,0.4,0.5714285714285715,2
replay,additive/amplitude_r2d2,interaction_g0.50,6,50,excluded,0.06526261873719501,0.1130553197509904,nan,0.0,nan,0
replay,additive/amplitude_r2d2,interaction_g0.50,6,100,excluded,0.31009883753934264,0.5465546218487395,1.0,0.2,0.33333333333333337,1
replay,additive/amplitude_r2d2,interaction_g0.50,6,199,excluded,0.4913165266106442,0.5063094090095055,1.0,0.4,0.5714285714285715,2
replay,additive/amplitude_r2d2,interaction_g0.50,7,50,excluded,0.08029098801594557,0.24205533596837941,nan,0.0,nan,0
replay,additive/amplitude_r2d2,interaction_g0.50,7,100,excluded,0.7070707070707071,0.6714714714714715,1.0,0.4,0.5714285714285715,2
replay,additive/amplitude_r2d2,interaction_g0.50,7,199,excluded,0.8766666666666666,1.0,0.75,0.6,0.6666666666666665,4
replay,additive/amplitude_r2d2,interaction_g0.50,8,50,excluded,0.48931133804660903,0.36571637426900583,nan,0.0,nan,0
replay,additive/amplitude_r2d2,interaction_g0.50,8,100,excluded,0.7328042328042328,0.6666666666666667,1.0,0.6,0.7499999999999999,3
replay,additive/amplitude_r2d2,interaction_g0.50,8,199,excluded,0.7642857142857142,0.7642857142857142,0.6,0.6,0.6,5
replay,additive/amplitude_r2d2,interaction_g0.50,9,50,excluded,0.10053475935828877,0.2888019732205779,nan,0.0,nan,0
replay,additive/amplitude_r2d2,interaction_g0.50,9,100,excluded,0.46620428313169243,0.5329649074329925,1.0,0.2,0.33333333333333337,1
replay,additive/amplitude_r2d2,interaction_g0.50,9,199,excluded,0.7961904761904762,0.7055555555555555,1.0,0.4,0.5714285714285715,2
replay,additive/amplitude_r2d2,interaction_g0.75,0,50,excluded,0.15933337611591228,0.16864372469635627,nan,0.0,nan,0
replay,additive/amplitude_r2d2,interaction_g0.75,0,100,excluded,0.5276190476190477,0.5190476190476191,nan,0.0,nan,0
replay,additive/amplitude_r2d2,interaction_g0.75,0,199,excluded,0.9666666666666666,1.0,1.0,0.4,0.5714285714285715,2
replay,additive/amplitude_r2d2,interaction_g0.75,1,50,excluded,0.32415279390889146,0.3483325218007171,nan,0.0,nan,0
replay,additive/amplitude_r2d2,interaction_g0.75,1,100,excluded,0.5492481203007519,0.6954545454545455,nan,0.0,nan,0
replay,additive/amplitude_r2d2,interaction_g0.75,1,199,excluded,0.43869731800766276,0.6386046511627906,0.75,0.6,0.6666666666666665,4
replay,additive/amplitude_r2d2,interaction_g0.75,2,50,excluded,0.0985795671180533,0.11284020327498587,nan,0.0,nan,0
replay,additive/amplitude_r2d2,interaction_g0.75,2,100,excluded,0.7655913978494624,0.6384057971014492,1.0,0.2,0.33333333333333337,1
replay,additive/amplitude_r2d2,interaction_g0.75,2,199,excluded,0.6845833333333333,0.8526315789473685,0.6,0.6,0.6,5
replay,additive/amplitude_r2d2,interaction_g0.75,3,50,excluded,0.3203729011070502,0.4190919952210275,nan,0.0,nan,0
replay,additive/amplitude_r2d2,interaction_g0.75,3,100,excluded,0.39450014530659694,0.5663934426229508,1.0,0.2,0.33333333333333337,1
replay,additive/amplitude_r2d2,interaction_g0.75,3,199,excluded,0.8384615384615385,0.876923076923077,1.0,0.2,0.33333333333333337,1
replay,additive/amplitude_r2d2,interaction_g0.75,4,50,excluded,0.04641548158641502,0.08180086580086579,nan,0.0,nan,0
replay,additive/amplitude_r2d2,interaction_g0.75,4,100,excluded,0.5523809523809523,0.7269230769230769,1.0,0.4,0.5714285714285715,2
replay,additive/amplitude_r2d2,interaction_g0.75,4,199,excluded,0.6965367965367966,0.696923076923077,1.0,0.2,0.33333333333333337,1
replay,additive/amplitude_r2d2,interaction_g0.75,5,50,excluded,0.04397227116653113,0.0692519633176268,nan,0.0,nan,0
replay,additive/amplitude_r2d2,interaction_g0.75,5,100,excluded,0.3467161879036587,0.2735294117647059,nan,0.0,nan,0
replay,additive/amplitude_r2d2,interaction_g0.75,5,199,excluded,0.6555284552845528,0.7422580645161291,0.6666666666666666,0.4,0.5,3
replay,additive/amplitude_r2d2,interaction_g0.75,6,50,excluded,0.09088160792250607,0.304688832054561,nan,0.0,nan,0
replay,additive/amplitude_r2d2,interaction_g0.75,6,100,excluded,0.3851956181533646,0.38459004654493373,nan,0.0,nan,0
replay,additive/amplitude_r2d2,interaction_g0.75,6,199,excluded,0.6544444444444444,0.8416666666666666,0.75,0.6,0.6666666666666665,4
replay,additive/amplitude_r2d2,interaction_g0.75,7,50,excluded,0.047299180070332014,0.1287315247384094,nan,0.0,nan,0
replay,additive/amplitude_r2d2,interaction_g0.75,7,100,excluded,0.39766158196699025,0.5155560751305431,1.0,0.2,0.33333333333333337,1
replay,additive/amplitude_r2d2,interaction_g0.75,7,199,excluded,0.7738888888888888,0.7208695652173913,1.0,0.4,0.5714285714285715,2
replay,additive/amplitude_r2d2,interaction_g0.75,8,50,excluded,0.32636664124078313,0.30984126984126986,nan,0.0,nan,0
replay,additive/amplitude_r2d2,interaction_g0.75,8,100,excluded,0.5083354192740926,0.48817990923254084,1.0,0.2,0.33333333333333337,1
replay,additive/amplitude_r2d2,interaction_g0.75,8,199,excluded,0.6688679245283019,0.66125,1.0,0.4,0.5714285714285715,2
replay,additive/amplitude_r2d2,interaction_g0.75,9,50,excluded,0.10965800994042327,0.09860333022097728,nan,0.0,nan,0
replay,additive/amplitude_r2d2,interaction_g0.75,9,100,excluded,0.05851371941438107,0.1010708898944193,nan,0.0,nan,0
replay,additive/amplitude_r2d2,interaction_g0.75,9,199,excluded,0.44492481203007517,0.514298245614035,1.0,0.2,0.33333333333333337,1
replay,additive/lengthscale,aligned10,0,50,excluded,0.33710655942753126,0.4146735522541974,1.0,0.1,0.18181818181818182,1
replay,additive/lengthscale,aligned10,0,100,excluded,1.0,1.0,1.0,0.8,0.888888888888889,8
replay,additive/lengthscale,aligned10,0,199,ok,1.0,1.0,1.0,1.0,1.0,10
replay,additive/lengthscale,aligned10,1,50,excluded,0.14600963421005994,0.21643108829963084,nan,0.0,nan,0
replay,additive/lengthscale,aligned10,1,100,ok,0.9170306001188354,0.9408119658119659,0.875,0.7,0.7777777777777777,8
replay,additive/lengthscale,aligned10,1,199,excluded,1.0,1.0,1.0,0.9,0.9473684210526316,9
replay,additive/lengthscale,aligned10,2,50,excluded,0.3194776371621012,0.4207857865818392,1.0,0.1,0.18181818181818182,1
replay,additive/lengthscale,aligned10,2,100,excluded,0.6893073593073594,0.6028069344448654,0.75,0.3,0.4285714285714285,4
replay,additive/lengthscale,aligned10,2,199,ok,1.0,1.0,1.0,1.0,1.0,10
replay,additive/lengthscale,aligned10,3,50,excluded,0.338385466008556,0.4179679445979524,0.5,0.2,0.28571428571428575,4
replay,additive/lengthscale,aligned10,3,100,excluded,0.721999881457285,0.7506913674560733,1.0,0.5,0.6666666666666666,5
replay,additive/lengthscale,aligned10,3,199,excluded,0.8818511796733212,0.9426315789473684,1.0,0.8,0.888888888888889,8
replay,additive/lengthscale,aligned10,4,50,excluded,0.15657379075343822,0.17430854092618797,nan,0.0,nan,0
replay,additive/lengthscale,aligned10,4,100,excluded,0.7777090964590965,0.6831687675070028,0.7,0.7,0.7,10
replay,additive/lengthscale,aligned10,4,199,ok,1.0,1.0,1.0,1.0,1.0,10
replay,additive/lengthscale,aligned10,5,50,ok,0.4172126268571539,0.46393376271425046,1.0,0.2,0.33333333333333337,2
replay,additive/lengthscale,aligned10,5,100,excluded,0.8975135975135975,0.8976190476190474,1.0,0.6,0.7499999999999999,6
replay,additive/lengthscale,aligned10,5,199,excluded,1.0,1.0,1.0,0.6,0.7499999999999999,6
replay,additive/lengthscale,aligned10,6,50,excluded,0.5551323678552593,0.5619976936643603,1.0,0.1,0.18181818181818182,1
replay,additive/lengthscale,aligned10,6,100,excluded,0.5980886243386243,0.6806132756132757,0.8,0.4,0.5333333333333333,5
replay,additive/lengthscale,aligned10,6,199,excluded,0.7980122655122655,0.9263455988455987,0.9,0.9,0.9,10
replay,additive/lengthscale,aligned10,7,50,excluded,0.49468813546498963,0.6237734845799362,1.0,0.2,0.33333333333333337,2
replay,additive/lengthscale,aligned10,7,100,ok,0.9294117647058823,0.9833333333333334,1.0,0.9,0.9473684210526316,9
replay,additive/lengthscale,aligned10,7,199,ok,1.0,1.0,1.0,1.0,1.0,10
replay,additive/lengthscale,aligned10,8,50,ok,0.6137267196583835,0.6485845046371362,nan,0.0,nan,0
replay,additive/lengthscale,aligned10,8,100,excluded,0.8303571428571429,0.8666666666666666,nan,0.0,nan,0
replay,additive/lengthscale,aligned10,8,199,excluded,0.9317307692307694,0.9413888888888888,1.0,0.4,0.5714285714285715,4
replay,additive/lengthscale,aligned10,9,50,ok,0.29091056131690807,0.40683206696391283,nan,0.0,nan,0
replay,additive/lengthscale,aligned10,9,100,excluded,0.838344662135146,0.990909090909091,1.0,0.4,0.5714285714285715,4
replay,additive/lengthscale,aligned10,9,199,excluded,0.990909090909091,0.990909090909091,1.0,0.9,0.9473684210526316,9
replay,additive/lengthscale,decoupled,0,50,excluded,0.5551410197791776,0.5453317901234568,1.0,0.125,0.2222222222222222,1
replay,additive/lengthscale,decoupled,0,100,excluded,0.6415494227994227,0.7799394853972319,1.0,0.25,0.4,2
replay,additive/lengthscale,decoupled,0,199,ok,1.0,1.0,1.0,0.75,0.8571428571428571,6
replay,additive/lengthscale,decoupled,1,50,excluded,0.3259876558427714,0.47703214707868963,1.0,0.25,0.4,2
replay,additive/lengthscale,decoupled,1,100,excluded,0.8851010101010102,0.7772012578616352,1.0,0.5,0.6666666666666666,4
replay,additive/lengthscale,decoupled,1,199,excluded,0.8876582278481013,0.9519230769230769,1.0,0.75,0.8571428571428571,6
replay,additive/lengthscale,decoupled,2,50,excluded,0.44922721290166434,0.5345959595959596,1.0,0.375,0.5454545454545454,3
replay,additive/lengthscale,decoupled,2,100,excluded,0.788637706855792,0.8357558139534884,1.0,0.375,0.5454545454545454,3
replay,additive/lengthscale,decoupled,2,199,excluded,1.0,1.0,1.0,0.875,0.9333333333333333,7
replay,additive/lengthscale,decoupled,3,50,excluded,0.15782914345357085,0.18590244201858427,nan,0.0,nan,0
replay,additive/lengthscale,decoupled,3,100,excluded,0.9083333333333333,0.9184782608695652,1.0,0.625,0.7692307692307693,5
replay,additive/lengthscale,decoupled,3,199,ok,0.8935185185185185,0.925,1.0,0.75,0.8571428571428571,6
replay,additive/lengthscale,decoupled,4,50,excluded,0.3060956489100109,0.3412396480331263,1.0,0.125,0.2222222222222222,1
replay,additive/lengthscale,decoupled,4,100,excluded,0.9260416666666667,0.8998397435897436,1.0,0.5,0.6666666666666666,4
replay,additive/lengthscale,decoupled,4,199,excluded,1.0,0.9861111111111112,1.0,0.625,0.7692307692307693,5
replay,additive/lengthscale,decoupled,5,50,ok,0.3675517582775647,0.3415042032241977,0.2,0.375,0.26086956521739135,15
replay,additive/lengthscale,decoupled,5,100,excluded,1.0,1.0,1.0,1.0,1.0,8
replay,additive/lengthscale,decoupled,5,199,ok,1.0,1.0,1.0,1.0,1.0,8
replay,additive/lengthscale,decoupled,6,50,excluded,0.32193394033392464,0.3957637483130904,1.0,0.125,0.2222222222222222,1
replay,additive/lengthscale,decoupled,6,100,excluded,0.4928836229832435,0.7256789878113408,1.0,0.25,0.4,2
replay,additive/lengthscale,decoupled,6,199,excluded,1.0,1.0,1.0,0.75,0.8571428571428571,6
replay,additive/lengthscale,decoupled,7,50,ok,0.15089925535994972,0.3541793396499687,nan,0.0,nan,0
replay,additive/lengthscale,decoupled,7,100,ok,0.895,0.9464285714285714,1.0,0.75,0.8571428571428571,6
replay,additive/lengthscale,decoupled,7,199,excluded,0.975,0.9659090909090909,1.0,0.75,0.8571428571428571,6
replay,additive/lengthscale,decoupled,8,50,ok,0.15088844241299265,0.364650974025974,nan,0.0,nan,0
replay,additive/lengthscale,decoupled,8,100,excluded,0.444868395283155,0.4816649163989787,0.75,0.375,0.5,4
replay,additive/lengthscale,decoupled,8,199,ok,0.9107142857142857,0.9204545454545454,1.0,0.875,0.9333333333333333,7
replay,additive/lengthscale,decoupled,9,50,excluded,0.14452124428792115,0.29347633284082864,nan,0.0,nan,0
replay,additive/lengthscale,decoupled,9,100,excluded,0.9704861111111112,0.959375,1.0,0.75,0.8571428571428571,6
replay,additive/lengthscale,decoupled,9,199,ok,1.0,1.0,1.0,1.0,1.0,8
replay,additive/lengthscale_r2d2,aligned10,0,50,ok,0.34722965501990266,0.3833530517193785,1.0,0.2,0.33333333333333337,2
replay,additive/lengthscale_r2d2,aligned10,0,100,ok,0.8684706959706961,0.9809090909090908,0.38461538461538464,1.0,0.5555555555555556,26
replay,additive/lengthscale_r2d2,aligned10,0,199,ok,1.0,1.0,0.7692307692307693,1.0,0.8695652173913044,13
replay,additive/lengthscale_r2d2,aligned10,1,50,ok,0.10863153494369333,0.23587063179942436,nan,0.0,nan,0
replay,additive/lengthscale_r2d2,aligned10,1,100,ok,0.6704365079365079,0.7593631806789701,0.11363636363636363,1.0,0.20408163265306123,88
replay,additive/lengthscale_r2d2,aligned10,1,199,ok,0.9041777666777667,0.990909090909091,0.24390243902439024,1.0,0.39215686274509803,41
replay,additive/lengthscale_r2d2,aligned10,2,50,ok,0.31689469357587824,0.40383703253268466,0.0,0.0,0.0,1
replay,additive/lengthscale_r2d2,aligned10,2,100,ok,0.635064935064935,0.5958685268979387,0.38095238095238093,0.8,0.5161290322580645,21
replay,additive/lengthscale_r2d2,aligned10,2,199,ok,0.9263455988455987,1.0,0.3225806451612903,1.0,0.4878048780487805,31
replay,additive/lengthscale_r2d2,aligned10,3,50,ok,0.27745915374947633,0.43249053464194204,0.10752688172043011,1.0,0.19417475728155342,93
replay,additive/lengthscale_r2d2,aligned10,3,100,ok,0.6862444350781065,0.6840367258014317,0.21428571428571427,0.9,0.3461538461538461,42
replay,additive/lengthscale_r2d2,aligned10,3,199,ok,0.9238095238095237,0.9416666666666668,0.6,0.9,0.7200000000000001,15
replay,additive/lengthscale_r2d2,aligned10,4,50,ok,0.13349659003916597,0.2024329763803448,nan,0.0,nan,0
replay,additive/lengthscale_r2d2,aligned10,4,100,ok,0.6315403600464576,0.5015608667709508,0.1951219512195122,0.8,0.3137254901960785,41
replay,additive/lengthscale_r2d2,aligned10,4,199,ok,1.0,1.0,0.35714285714285715,1.0,0.5263157894736842,28
replay,additive/lengthscale_r2d2,aligned10,5,50,ok,0.29065497760389575,0.41627119430212306,0.14285714285714285,0.2,0.16666666666666666,14
replay,additive/lengthscale_r2d2,aligned10,5,100,ok,0.7826210826210825,0.6742428861788617,0.16393442622950818,1.0,0.28169014084507044,61
replay,additive/lengthscale_r2d2,aligned10,5,199,ok,0.9126315789473682,0.8744927536231885,0.29411764705882354,1.0,0.45454545454545453,34
replay,additive/lengthscale_r2d2,aligned10,6,50,ok,0.33609899541327903,0.5222049845579256,nan,0.0,nan,0
replay,additive/lengthscale_r2d2,aligned10,6,100,ok,0.7233333333333334,0.8713339438339439,0.13157894736842105,1.0,0.23255813953488372,76
replay,additive/lengthscale_r2d2,aligned10,6,199,ok,1.0,1.0,0.2857142857142857,1.0,0.4444444444444445,35
replay,additive/lengthscale_r2d2,aligned10,7,50,excluded,0.13570116229452964,0.23480970236737328,nan,0.0,nan,0
replay,additive/lengthscale_r2d2,aligned10,7,100,ok,0.7815254525780841,0.8809267040149393,0.10309278350515463,1.0,0.18691588785046725,97
replay,additive/lengthscale_r2d2,aligned10,7,199,ok,1.0,1.0,0.43478260869565216,1.0,0.6060606060606061,23
replay,additive/lengthscale_r2d2,aligned10,8,50,ok,0.5037028007948123,0.619432091653219,nan,0.0,nan,0
replay,additive/lengthscale_r2d2,aligned10,8,100,ok,0.7511969904240766,0.7734402852049911,nan,0.0,nan,0
replay,additive/lengthscale_r2d2,aligned10,8,199,ok,0.9056277056277058,0.9384615384615385,1.0,0.4,0.5714285714285715,4
replay,additive/lengthscale_r2d2,aligned10,9,50,ok,0.2419315706080412,0.3574307466846335,nan,0.0,nan,0
replay,additive/lengthscale_r2d2,aligned10,9,100,ok,0.6293650793650795,0.7734623709623709,0.1724137931034483,1.0,0.29411764705882354,58
replay,additive/lengthscale_r2d2,aligned10,9,199,ok,0.9733333333333334,1.0,0.2222222222222222,1.0,0.3636363636363636,45
replay,additive/lengthscale_r2d2,aligned3,0,50,ok,0.5873015873015873,0.8055555555555555,nan,0.0,nan,0
replay,additive/lengthscale_r2d2,aligned3,0,100,ok,1.0,1.0,1.0,1.0,1.0,3
replay,additive/lengthscale_r2d2,aligned3,0,199,ok,1.0,1.0,1.0,1.0,1.0,3
replay,additive/lengthscale_r2d2,aligned3,1,50,ok,0.4875,0.7666666666666666,0.03,1.0,0.058252427184466014,100
replay,additive/lengthscale_r2d2,aligned3,1,100,excluded,0.027722151524816982,1.0,0.03,1.0,0.058252427184466014,100
replay,additive/lengthscale_r2d2,aligned3,1,199,ok,1.0,1.0,1.0,1.0,1.0,3
replay,additive/lengthscale_r2d2,aligned3,2,50,ok,0.24175824175824176,0.6464646464646465,nan,0.0,nan,0
replay,additive/lengthscale_r2d2,aligned3,2,100,excluded,1.0,1.0,0.03488372093023256,1.0,0.06741573033707865,86
replay,additive/lengthscale_r2d2,aligned3,2,199,ok,1.0,1.0,1.0,1.0,1.0,3
replay,additive/lengthscale_r2d2,aligned3,3,50,ok,0.067816091954023,0.374599358974359,nan,0.0,nan,0
replay,additive/lengthscale_r2d2,aligned3,3,100,ok,1.0,1.0,0.5,1.0,0.6666666666666666,6
replay,additive/lengthscale_r2d2,aligned3,3,199,ok,1.0,1.0,0.75,1.0,0.8571428571428571,4
replay,additive/lengthscale_r2d2,aligned3,4,50,excluded,0.05415729689211785,0.26570048309178745,0.0,0.0,0.0,1
replay,additive/lengthscale_r2d2,aligned3,4,100,ok,1.0,1.0,0.14285714285714285,1.0,0.25,21
replay,additive/lengthscale_r2d2,aligned3,4,199,ok,1.0,1.0,1.0,1.0,1.0,3
replay,additive/lengthscale_r2d2,aligned3,5,50,excluded,0.27474747474747474,1.0,0.030612244897959183,1.0,0.05940594059405941,98
replay,additive/lengthscale_r2d2,aligned3,5,100,excluded,1.0,1.0,0.125,1.0,0.2222222222222222,24
replay,additive/lengthscale_r2d2,aligned3,5,199,ok,1.0,1.0,1.0,1.0,1.0,3
replay,additive/lengthscale_r2d2,aligned3,6,50,ok,1.0,1.0,1.0,0.6666666666666666,0.8,2
replay,additive/lengthscale_r2d2,aligned3,6,100,ok,1.0,1.0,0.6,1.0,0.7499999999999999,5
replay,additive/lengthscale_r2d2,aligned3,6,199,ok,1.0,1.0,0.75,1.0,0.8571428571428571,4
replay,additive/lengthscale_r2d2,aligned3,7,50,ok,0.1947004608294931,0.4761904761904762,nan,0.0,nan,0
replay,additive/lengthscale_r2d2,aligned3,7,100,ok,1.0,1.0,0.21428571428571427,1.0,0.35294117647058826,14
replay,additive/lengthscale_r2d2,aligned3,7,199,ok,1.0,1.0,1.0,1.0,1.0,3
replay,additive/lengthscale_r2d2,aligned3,8,50,ok,0.36013531095498313,0.4078282828282829,nan,0.0,nan,0
replay,additive/lengthscale_r2d2,aligned3,8,100,ok,0.06216931216931217,0.7777777777777777,0.03,1.0,0.058252427184466014,100
replay,additive/lengthscale_r2d2,aligned3,8,199,ok,1.0,1.0,1.0,1.0,1.0,3
replay,additive/lengthscale_r2d2,aligned3,9,50,ok,0.6464646464646465,0.8666666666666667,nan,0.0,nan,0
replay,additive/lengthscale_r2d2,aligned3,9,100,ok,1.0,1.0,1.0,1.0,1.0,3
replay,additive/lengthscale_r2d2,aligned3,9,199,ok,1.0,1.0,1.0,1.0,1.0,3
replay,additive/lengthscale_r2d2,anti_aligned,0,50,ok,0.29943792234188576,0.33045739035244287,nan,0.0,nan,0
replay,additive/lengthscale_r2d2,anti_aligned,0,100,ok,0.7569444444444445,0.7368686868686868,0.6666666666666666,0.6666666666666666,0.6666666666666666,6
replay,additive/lengthscale_r2d2,anti_aligned,0,199,ok,0.9333333333333332,0.9583333333333334,1.0,0.8333333333333334,0.9090909090909091,5
replay,additive/lengthscale_r2d2,anti_aligned,1,50,ok,0.23744949720559475,0.23925272503617656,nan,0.0,nan,0
replay,additive/lengthscale_r2d2,anti_aligned,1,100,ok,0.1446709177431146,0.6594877344877345,0.06,1.0,0.11320754716981131,100
replay,additive/lengthscale_r2d2,anti_aligned,1,199,ok,0.861111111111111,1.0,0.07894736842105263,1.0,0.14634146341463414,76
replay,additive/lengthscale_r2d2,anti_aligned,2,50,ok,0.2569402725175221,0.34486490212296667,nan,0.0,nan,0
replay,additive/lengthscale_r2d2,anti_aligned,2,100,ok,0.6282327586206896,0.7346611721611721,0.3076923076923077,0.6666666666666666,0.42105263157894735,13
replay,additive/lengthscale_r2d2,anti_aligned,2,199,ok,0.7996031746031745,0.9583333333333334,0.3333333333333333,1.0,0.5,18
replay,additive/lengthscale_r2d2,anti_aligned,3,50,ok,0.05956937846173067,0.1740873284351545,nan,0.0,nan,0
replay,additive/lengthscale_r2d2,anti_aligned,3,100,excluded,0.8409090909090908,0.8021978021978021,0.06060606060606061,1.0,0.1142857142857143,99
replay,additive/lengthscale_r2d2,anti_aligned,3,199,ok,0.9444444444444443,1.0,0.06593406593406594,1.0,0.12371134020618557,91
replay,additive/lengthscale_r2d2,anti_aligned,4,50,ok,0.19888578770157717,0.1379740134492717,nan,0.0,nan,0
replay,additive/lengthscale_r2d2,anti_aligned,4,100,ok,0.3198412698412698,0.5517676767676768,0.06,1.0,0.11320754716981131,100
replay,additive/lengthscale_r2d2,anti_aligned,4,199,ok,0.8497267759562842,0.8611111111111112,0.125,0.8333333333333334,0.21739130434782608,40
replay,additive/lengthscale_r2d2,anti_aligned,5,50,excluded,0.3114280456385719,0.3791372847976622,nan,0.0,nan,0
replay,additive/lengthscale_r2d2,anti_aligned,5,100,ok,0.19967972944163417,0.8450980392156863,0.06,1.0,0.11320754716981131,100
replay,additive/lengthscale_r2d2,anti_aligned,5,199,ok,0.9166666666666666,0.9102564102564102,0.35294117647058826,1.0,0.5217391304347826,17
replay,additive/lengthscale_r2d2,anti_aligned,6,50,ok,0.08997681992607691,0.1636904761904762,nan,0.0,nan,0
replay,additive/lengthscale_r2d2,anti_aligned,6,100,ok,0.7319703243616287,0.7133089133089133,0.06451612903225806,1.0,0.12121212121212122,93
replay,additive/lengthscale_r2d2,anti_aligned,6,199,ok,0.8571428571428571,0.8468468468468467,0.5555555555555556,0.8333333333333334,0.6666666666666667,9
replay,additive/lengthscale_r2d2,anti_aligned,7,50,excluded,0.06038505884551746,0.11300658858798392,nan,0.0,nan,0
replay,additive/lengthscale_r2d2,anti_aligned,7,100,ok,0.8464912280701755,0.8160818713450292,0.10638297872340426,0.8333333333333334,0.18867924528301885,47
replay,additive/lengthscale_r2d2,anti_aligned,7,199,ok,0.9305555555555557,0.9761904761904763,0.5454545454545454,1.0,0.7058823529411764,11
replay,additive/lengthscale_r2d2,anti_aligned,8,50,ok,0.17093522093522096,0.1323611200245297,nan,0.0,nan,0
replay,additive/lengthscale_r2d2,anti_aligned,8,100,ok,0.606106106106106,0.5925084175084175,0.06,1.0,0.11320754716981131,100
replay,additive/lengthscale_r2d2,anti_aligned,8,199,ok,0.4514492753623189,0.8529411764705882,0.06060606060606061,1.0,0.1142857142857143,99
replay,additive/lengthscale_r2d2,anti_aligned,9,50,ok,0.22823717948717948,0.39545365643763813,nan,0.0,nan,0
replay,additive/lengthscale_r2d2,anti_aligned,9,100,ok,0.5391865079365079,0.528693853427896,nan,0.0,nan,0
replay,additive/lengthscale_r2d2,anti_aligned,9,199,ok,0.8655913978494624,0.8717948717948718,0.24,1.0,0.3870967741935484,25
replay,additive/lengthscale_r2d2,decoupled,0,50,ok,0.1484508161558777,0.21479650058403926,nan,0.0,nan,0
replay,additive/lengthscale_r2d2,decoupled,0,100,ok,0.5444472642053286,0.6028038847117795,0.25,0.75,0.375,24
replay,additive/lengthscale_r2d2,decoupled,0,199,ok,0.9181985294117647,0.8609649122807017,0.5384615384615384,0.875,0.6666666666666667,13
replay,additive/lengthscale_r2d2,decoupled,1,50,excluded,0.11217624832932825,0.3287293673902389,0.14285714285714285,0.125,0.13333333333333333,7
replay,additive/lengthscale_r2d2,decoupled,1,100,ok,0.09129425765129223,0.6761499402628435,0.08,1.0,0.14814814814814814,100
replay,additive/lengthscale_r2d2,decoupled,1,199,ok,0.6906260406260407,0.8240530303030302,0.09090909090909091,1.0,0.16666666666666669,88
replay,additive/lengthscale_r2d2,decoupled,2,50,ok,0.18396520871546487,0.13993921451601815,nan,0.0,nan,0
replay,additive/lengthscale_r2d2,decoupled,2,100,ok,0.4012070435310633,0.39835451537321187,0.08080808080808081,1.0,0.14953271028037382,99
replay,additive/lengthscale_r2d2,decoupled,2,199,ok,0.8363095238095238,0.8356150793650794,0.08080808080808081,1.0,0.14953271028037382,99
replay,additive/lengthscale_r2d2,decoupled,3,50,excluded,0.15363532913165268,0.18707467545884932,nan,0.0,nan,0
replay,additive/lengthscale_r2d2,decoupled,3,100,ok,0.1577070201829438,0.6382070707070708,0.08,1.0,0.14814814814814814,100
replay,additive/lengthscale_r2d2,decoupled,3,199,ok,0.6462954976712092,0.7676303475935828,0.09523809523809523,1.0,0.17391304347826084,84
replay,additive/lengthscale_r2d2,decoupled,4,50,ok,0.1317678292502058,0.2550135472336611,nan,0.0,nan,0
replay,additive/lengthscale_r2d2,decoupled,4,100,ok,0.2457578244410601,0.4957069152112255,0.08080808080808081,1.0,0.14953271028037382,99
replay,additive/lengthscale_r2d2,decoupled,4,199,ok,0.615906954887218,0.8623511904761905,0.10294117647058823,0.875,0.1842105263157895,68
replay,additive/lengthscale_r2d2,decoupled,5,50,ok,0.3675288714450107,0.37442577336629607,0.08421052631578947,1.0,0.1553398058252427,95
replay,additive/lengthscale_r2d2,decoupled,5,100,ok,0.8982558139534884,0.7547960811118706,0.08333333333333333,1.0,0.15384615384615385,96
replay,additive/lengthscale_r2d2,decoupled,5,199,ok,0.975,1.0,0.14814814814814814,1.0,0.25806451612903225,54
replay,additive/lengthscale_r2d2,decoupled,6,50,ok,0.21162091944734668,0.2644472297390868,nan,0.0,nan,0
replay,additive/lengthscale_r2d2,decoupled,6,100,excluded,0.3467788021464492,0.5147193921978405,0.08163265306122448,1.0,0.15094339622641506,98
replay,additive/lengthscale_r2d2,decoupled,6,199,ok,0.703525641025641,0.8851010101010102,0.09876543209876543,1.0,0.1797752808988764,81
replay,additive/lengthscale_r2d2,decoupled,7,50,ok,0.10527646097680225,0.5142544900786545,nan,0.0,nan,0
replay,additive/lengthscale_r2d2,decoupled,7,100,ok,0.6245265151515151,0.7964572192513368,0.10126582278481013,1.0,0.18390804597701146,79
replay,additive/lengthscale_r2d2,decoupled,7,199,ok,0.8821428571428572,0.9526289682539684,0.12307692307692308,1.0,0.21917808219178084,65
replay,additive/lengthscale_r2d2,decoupled,8,50,ok,0.15660128907258286,0.4303148528972769,nan,0.0,nan,0
replay,additive/lengthscale_r2d2,decoupled,8,100,ok,0.36699359668109666,0.520401878700198,0.08,1.0,0.14814814814814814,100
replay,additive/lengthscale_r2d2,decoupled,8,199,ok,0.5725613309454773,0.7260181704260652,0.08,1.0,0.14814814814814814,100
replay,additive/lengthscale_r2d2,decoupled,9,50,ok,0.22640832382456091,0.3399628879892038,nan,0.0,nan,0
replay,additive/lengthscale_r2d2,decoupled,9,100,excluded,0.513723830049261,0.5074179292929293,1.0,0.125,0.2222222222222222,1
replay,additive/lengthscale_r2d2,decoupled,9,199,ok,0.975,0.9861111111111112,0.1038961038961039,1.0,0.18823529411764706,77
replay,additive/lengthscale_r2d2,interaction_g0.00,0,50,ok,0.21894049453371486,0.33095238095238094,nan,0.0,nan,0
replay,additive/lengthscale_r2d2,interaction_g0.00,0,100,ok,1.0,1.0,0.625,1.0,0.7692307692307693,8
replay,additive/lengthscale_r2d2,interaction_g0.00,0,199,ok,1.0,1.0,1.0,1.0,1.0,5
replay,additive/lengthscale_r2d2,interaction_g0.00,1,50,ok,0.5993939393939394,0.5654428754813864,0.13793103448275862,0.8,0.2352941176470588,29
replay,additive/lengthscale_r2d2,interaction_g0.00,1,100,ok,1.0,1.0,0.14705882352941177,1.0,0.25641025641025644,34
replay,additive/lengthscale_r2d2,interaction_g0.00,1,199,ok,1.0,1.0,1.0,1.0,1.0,5
replay,additive/lengthscale_r2d2,interaction_g0.00,2,50,ok,0.38444785704313833,0.5055555555555555,nan,0.0,nan,0
replay,additive/lengthscale_r2d2,interaction_g0.00,2,100,ok,0.9666666666666666,0.9266666666666665,0.29411764705882354,1.0,0.45454545454545453,17
replay,additive/lengthscale_r2d2,interaction_g0.00,2,199,ok,1.0,1.0,0.4166666666666667,1.0,0.5882352941176471,12
replay,additive/lengthscale_r2d2,interaction_g0.00,3,50,ok,0.09596273291925465,0.18047619047619046,nan,0.0,nan,0
replay,additive/lengthscale_r2d2,interaction_g0.00,3,100,ok,1.0,1.0,0.1282051282051282,1.0,0.22727272727272727,39
replay,additive/lengthscale_r2d2,interaction_g0.00,3,199,ok,1.0,1.0,0.4166666666666667,1.0,0.5882352941176471,12
replay,additive/lengthscale_r2d2,interaction_g0.00,4,50,ok,0.09361767881081465,0.08023313098406967,nan,0.0,nan,0
replay,additive/lengthscale_r2d2,interaction_g0.00,4,100,ok,0.9666666666666666,0.9666666666666666,0.05102040816326531,1.0,0.09708737864077671,98
replay,additive/lengthscale_r2d2,interaction_g0.00,4,199,ok,1.0,1.0,0.38461538461538464,1.0,0.5555555555555556,13
replay,additive/lengthscale_r2d2,interaction_g0.00,5,50,ok,0.25894700066380183,0.2925690677608836,0.07547169811320754,0.8,0.13793103448275862,53
replay,additive/lengthscale_r2d2,interaction_g0.00,5,100,ok,0.7833333333333333,0.8099999999999999,0.08771929824561403,1.0,0.16129032258064516,57
replay,additive/lengthscale_r2d2,interaction_g0.00,5,199,ok,0.9666666666666666,1.0,0.45454545454545453,1.0,0.625,11
replay,additive/lengthscale_r2d2,interaction_g0.00,6,50,ok,0.6291423001949317,0.9666666666666666,nan,0.0,nan,0
replay,additive/lengthscale_r2d2,interaction_g0.00,6,100,ok,0.9,1.0,0.05154639175257732,1.0,0.0980392156862745,97
replay,additive/lengthscale_r2d2,interaction_g0.00,6,199,ok,1.0,1.0,0.625,1.0,0.7692307692307693,8
replay,additive/lengthscale_r2d2,interaction_g0.00,7,50,excluded,0.43423539282149265,0.5603174603174603,0.5,0.2,0.28571428571428575,2
replay,additive/lengthscale_r2d2,interaction_g0.00,7,100,ok,0.8714285714285713,0.9666666666666666,0.07692307692307693,1.0,0.14285714285714288,65
replay,additive/lengthscale_r2d2,interaction_g0.00,7,199,ok,1.0,1.0,0.21739130434782608,1.0,0.3571428571428571,23
replay,additive/lengthscale_r2d2,interaction_g0.00,8,50,ok,0.6579166666666667,0.6751322751322751,nan,0.0,nan,0
replay,additive/lengthscale_r2d2,interaction_g0.00,8,100,ok,0.8357142857142857,0.8454545454545455,nan,0.0,nan,0
replay,additive/lengthscale_r2d2,interaction_g0.00,8,199,ok,0.8714285714285713,0.8833333333333334,1.0,0.8,0.888888888888889,4
replay,additive/lengthscale_r2d2,interaction_g0.00,9,50,ok,0.1937829273123391,0.18482794042116074,nan,0.0,nan,0
replay,additive/lengthscale_r2d2,interaction_g0.00,9,100,ok,0.8766666666666666,0.9266666666666665,0.14705882352941177,1.0,0.25641025641025644,34
replay,additive/lengthscale_r2d2,interaction_g0.00,9,199,ok,1.0,1.0,0.45454545454545453,1.0,0.625,11
replay,additive/lengthscale_r2d2,interaction_g0.25,0,50,ok,0.10031227031227033,0.32928202860091405,nan,0.0,nan,0
replay,additive/lengthscale_r2d2,interaction_g0.25,0,100,ok,0.6971428571428572,0.9028571428571428,0.052083333333333336,1.0,0.09900990099009901,96
replay,additive/lengthscale_r2d2,interaction_g0.25,0,199,ok,1.0,1.0,0.1,1.0,0.18181818181818182,50
replay,additive/lengthscale_r2d2,interaction_g0.25,1,50,ok,0.1965715442218174,0.15360134240877293,nan,0.0,nan,0
replay,additive/lengthscale_r2d2,interaction_g0.25,1,100,ok,0.6448060075093867,0.6841698841698841,nan,0.0,nan,0
replay,additive/lengthscale_r2d2,interaction_g0.25,1,199,ok,0.8761904761904763,0.8761904761904763,0.09433962264150944,1.0,0.1724137931034483,53
replay,additive/lengthscale_r2d2,interaction_g0.25,2,50,ok,0.557936507936508,0.5991452991452991,nan,0.0,nan,0
replay,additive/lengthscale_r2d2,interaction_g0.25,2,100,ok,0.8400000000000001,0.8833333333333334,nan,0.0,nan,0
replay,additive/lengthscale_r2d2,interaction_g0.25,2,199,ok,0.890909090909091,1.0,0.14705882352941177,1.0,0.25641025641025644,34
replay,additive/lengthscale_r2d2,interaction_g0.25,3,50,ok,0.0932625214748249,0.14306418219461697,nan,0.0,nan,0
replay,additive/lengthscale_r2d2,interaction_g0.25,3,100,excluded,0.08519982433025912,0.21007672634271096,nan,0.0,nan,0
replay,additive/lengthscale_r2d2,interaction_g0.25,3,199,ok,0.33857397504456327,0.3854901960784314,0.25,0.4,0.3076923076923077,8
replay,additive/lengthscale_r2d2,interaction_g0.25,4,50,ok,0.09314432079137962,0.1957804768331084,nan,0.0,nan,0
replay,additive/lengthscale_r2d2,interaction_g0.25,4,100,excluded,0.15454794821154266,0.8232558139534885,0.05,1.0,0.09523809523809523,100
replay,additive/lengthscale_r2d2,interaction_g0.25,4,199,excluded,0.7366666666666666,0.9266666666666665,0.13513513513513514,1.0,0.2380952380952381,37
replay,additive/lengthscale_r2d2,interaction_g0.25,5,50,ok,0.055210048167794644,0.10129005129930198,nan,0.0,nan,0
replay,additive/lengthscale_r2d2,interaction_g0.25,5,100,ok,0.6203463203463204,0.7533333333333333,0.25,0.8,0.38095238095238093,16
replay,additive/lengthscale_r2d2,interaction_g0.25,5,199,excluded,0.9666666666666666,1.0,0.07246376811594203,1.0,0.13513513513513511,69
replay,additive/lengthscale_r2d2,interaction_g0.25,6,50,ok,0.28409200968523,0.35681159420289854,nan,0.0,nan,0
replay,additive/lengthscale_r2d2,interaction_g0.25,6,100,ok,0.7666666666666666,0.9428571428571428,0.05,1.0,0.09523809523809523,100
replay,additive/lengthscale_r2d2,interaction_g0.25,6,199,ok,0.925,1.0,0.06172839506172839,1.0,0.11627906976744184,81
replay,additive/lengthscale_r2d2,interaction_g0.25,7,50,ok,0.04802654275435404,0.36792397660818715,nan,0.0,nan,0
replay,additive/lengthscale_r2d2,interaction_g0.25,7,100,ok,1.0,0.9428571428571428,0.21739130434782608,1.0,0.3571428571428571,23
replay,additive/lengthscale_r2d2,interaction_g0.25,7,199,ok,1.0,1.0,0.29411764705882354,1.0,0.45454545454545453,17
replay,additive/lengthscale_r2d2,interaction_g0.25,8,50,ok,0.07629431199807028,0.2138095238095238,nan,0.0,nan,0
replay,additive/lengthscale_r2d2,interaction_g0.25,8,100,ok,0.6987878787878788,0.72,0.3076923076923077,0.8,0.4444444444444444,13
replay,additive/lengthscale_r2d2,interaction_g0.25,8,199,ok,0.9,0.9428571428571428,0.16666666666666666,1.0,0.2857142857142857,30
replay,additive/lengthscale_r2d2,interaction_g0.25,9,50,ok,0.08842747673782156,0.16205533596837945,nan,0.0,nan,0
replay,additive/lengthscale_r2d2,interaction_g0.25,9,100,ok,0.39142857142857146,0.5643939393939393,nan,0.0,nan,0
replay,additive/lengthscale_r2d2,interaction_g0.25,9,199,ok,0.8344827586206897,0.8625,0.4444444444444444,0.8,0.5714285714285714,9
replay,additive/lengthscale_r2d2,interaction_g0.50,0,50,ok,0.05577269429314337,0.08359872745837657,nan,0.0,nan,0
replay,additive/lengthscale_r2d2,interaction_g0.50,0,100,excluded,0.4889743589743589,0.5737878787878788,nan,0.0,nan,0
replay,additive/lengthscale_r2d2,interaction_g0.50,0,199,ok,0.9666666666666666,1.0,0.05319148936170213,1.0,0.10101010101010102,94
replay,additive/lengthscale_r2d2,interaction_g0.50,1,50,ok,0.09079734457885719,0.12897546897546897,nan,0.0,nan,0
replay,additive/lengthscale_r2d2,interaction_g0.50,1,100,ok,0.678030303030303,0.8,nan,0.0,nan,0
replay,additive/lengthscale_r2d2,interaction_g0.50,1,199,ok,0.55,0.9028571428571428,0.07042253521126761,1.0,0.13157894736842107,71
replay,additive/lengthscale_r2d2,interaction_g0.50,2,50,ok,0.33765218388169205,0.5532212885154062,nan,0.0,nan,0
replay,additive/lengthscale_r2d2,interaction_g0.50,2,100,ok,0.7176190476190476,0.7783333333333333,nan,0.0,nan,0
replay,additive/lengthscale_r2d2,interaction_g0.50,2,199,ok,0.43,0.9428571428571428,0.10416666666666667,1.0,0.18867924528301885,48
replay,additive/lengthscale_r2d2,interaction_g0.50,3,50,ok,0.056537384184443006,0.19158730158730158,nan,0.0,nan,0
replay,additive/lengthscale_r2d2,interaction_g0.50,3,100,ok,0.5327744165946413,0.681829573934837,nan,0.0,nan,0
replay,additive/lengthscale_r2d2,interaction_g0.50,3,199,ok,0.8140845070422535,0.85,1.0,0.8,0.888888888888889,4
replay,additive/lengthscale_r2d2,interaction_g0.50,4,50,ok,0.1676469690029012,0.33056835637480797,nan,0.0,nan,0
replay,additive/lengthscale_r2d2,interaction_g0.50,4,100,ok,0.4578092783505154,0.5193406593406593,nan,0.0,nan,0
replay,additive/lengthscale_r2d2,interaction_g0.50,4,199,ok,0.6669172932330827,0.7253968253968253,nan,0.0,nan,0
replay,additive/lengthscale_r2d2,interaction_g0.50,5,50,ok,0.19972222222222222,0.4371428571428571,nan,0.0,nan,0
replay,additive/lengthscale_r2d2,interaction_g0.50,5,100,ok,0.6638596491228069,0.7103603603603604,nan,0.0,nan,0
replay,additive/lengthscale_r2d2,interaction_g0.50,5,199,ok,0.5933006535947711,0.9,0.08771929824561403,1.0,0.16129032258064516,57
replay,additive/lengthscale_r2d2,interaction_g0.50,6,50,ok,0.058975010148006345,0.3301010101010101,nan,0.0,nan,0
replay,additive/lengthscale_r2d2,interaction_g0.50,6,100,excluded,0.5838461538461538,0.458030303030303,nan,0.0,nan,0
replay,additive/lengthscale_r2d2,interaction_g0.50,6,199,ok,0.7436974789915967,0.9111111111111111,0.10638297872340426,1.0,0.1923076923076923,47
replay,additive/lengthscale_r2d2,interaction_g0.50,7,50,ok,0.058523104802174576,0.13859884201819686,nan,0.0,nan,0
replay,additive/lengthscale_r2d2,interaction_g0.50,7,100,ok,0.43359788359788365,0.3068518518518518,nan,0.0,nan,0
replay,additive/lengthscale_r2d2,interaction_g0.50,7,199,ok,1.0,1.0,0.08196721311475409,1.0,0.1515151515151515,61
replay,additive/lengthscale_r2d2,interaction_g0.50,8,50,ok,0.11264326308606494,0.23534798534798532,nan,0.0,nan,0
replay,additive/lengthscale_r2d2,interaction_g0.50,8,100,ok,0.6909090909090909,0.6140845070422535,0.19230769230769232,1.0,0.32258064516129037,26
replay,additive/lengthscale_r2d2,interaction_g0.50,8,199,ok,0.7527472527472527,0.836923076923077,0.18518518518518517,1.0,0.3125,27
replay,additive/lengthscale_r2d2,interaction_g0.50,9,50,ok,0.03730945419103314,0.061756593048178175,nan,0.0,nan,0
replay,additive/lengthscale_r2d2,interaction_g0.50,9,100,ok,0.3054106910039113,0.4041521486643438,nan,0.0,nan,0
replay,additive/lengthscale_r2d2,interaction_g0.50,9,199,ok,0.7838095238095238,0.85,1.0,0.6,0.7499999999999999,3
replay,additive/lengthscale_r2d2,interaction_g0.75,0,50,ok,0.24226888950293207,0.05527197057684863,nan,0.0,nan,0
replay,additive/lengthscale_r2d2,interaction_g0.75,0,100,excluded,0.3045614035087719,0.41047619047619044,nan,0.0,nan,0
replay,additive/lengthscale_r2d2,interaction_g0.75,0,199,ok,0.5514609421586165,0.6912087912087912,nan,0.0,nan,0
replay,additive/lengthscale_r2d2,interaction_g0.75,1,50,ok,0.18961737001756157,0.42828585707146416,nan,0.0,nan,0
replay,additive/lengthscale_r2d2,interaction_g0.75,1,100,ok,0.7112359550561798,0.7716279069767442,nan,0.0,nan,0
replay,additive/lengthscale_r2d2,interaction_g0.75,1,199,ok,0.8454545454545455,0.8212765957446809,0.5714285714285714,0.8,0.6666666666666666,7
replay,additive/lengthscale_r2d2,interaction_g0.75,2,50,ok,0.10137552103069344,0.39887524240465416,nan,0.0,nan,0
replay,additive/lengthscale_r2d2,interaction_g0.75,2,100,ok,0.7522012578616353,0.775625,nan,0.0,nan,0
replay,additive/lengthscale_r2d2,interaction_g0.75,2,199,ok,0.8217391304347826,0.85,0.4444444444444444,0.8,0.5714285714285714,9
replay,additive/lengthscale_r2d2,interaction_g0.75,3,50,ok,0.2396550592674624,0.31003030303030304,nan,0.0,nan,0
replay,additive/lengthscale_r2d2,interaction_g0.75,3,100,ok,0.6316216216216215,0.6504761904761904,nan,0.0,nan,0
replay,additive/lengthscale_r2d2,interaction_g0.75,3,199,ok,0.8116279069767443,0.8135135135135135,1.0,0.8,0.888888888888889,4
replay,additive/lengthscale_r2d2,interaction_g0.75,4,50,ok,0.05888474295190713,0.09618357645811318,nan,0.0,nan,0
replay,additive/lengthscale_r2d2,interaction_g0.75,4,100,ok,0.06786372424521092,0.06825317021395452,nan,0.0,nan,0
replay,additive/lengthscale_r2d2,interaction_g0.75,4,199,ok,0.06707020823682527,0.11249440214957455,0.05,1.0,0.09523809523809523,100
replay,additive/lengthscale_r2d2,interaction_g0.75,5,50,ok,0.2548484848484848,0.18907692307692306,nan,0.0,nan,0
replay,additive/lengthscale_r2d2,interaction_g0.75,5,100,ok,0.4170199692780338,0.4616780045351474,nan,0.0,nan,0
replay,additive/lengthscale_r2d2,interaction_g0.75,5,199,excluded,0.786923076923077,0.8526315789473685,0.060240963855421686,1.0,0.11363636363636363,83
replay,additive/lengthscale_r2d2,interaction_g0.75,6,50,ok,0.1057030252866138,0.16221001221001222,nan,0.0,nan,0
replay,additive/lengthscale_r2d2,interaction_g0.75,6,100,ok,0.2603921568627451,0.2565873015873016,nan,0.0,nan,0
replay,additive/lengthscale_r2d2,interaction_g0.75,6,199,excluded,0.04902417858639056,0.8161290322580645,0.05,1.0,0.09523809523809523,100
replay,additive/lengthscale_r2d2,interaction_g0.75,7,50,ok,0.15467484291013703,0.24173419124734918,nan,0.0,nan,0
replay,additive/lengthscale_r2d2,interaction_g0.75,7,100,ok,0.5971163245356793,0.5127133872416891,nan,0.0,nan,0
replay,additive/lengthscale_r2d2,interaction_g0.75,7,199,ok,0.8761904761904763,0.8051948051948052,0.10869565217391304,1.0,0.19607843137254902,46
replay,additive/lengthscale_r2d2,interaction_g0.75,8,50,ok,0.4109195402298851,0.42743764172335597,nan,0.0,nan,0
replay,additive/lengthscale_r2d2,interaction_g0.75,8,100,ok,0.43977397410577135,0.4816506074570591,1.0,0.4,0.5714285714285715,2
replay,additive/lengthscale_r2d2,interaction_g0.75,8,199,ok,0.6185714285714285,0.6511494252873563,0.1,1.0,0.18181818181818182,50
replay,additive/lengthscale_r2d2,interaction_g0.75,9,50,ok,0.10979619232285351,0.05439354214460727,nan,0.0,nan,0
replay,additive/lengthscale_r2d2,interaction_g0.75,9,100,ok,0.2844909332594062,0.32092074592074593,nan,0.0,nan,0
replay,additive/lengthscale_r2d2,interaction_g0.75,9,199,ok,0.5291575091575091,0.5819047619047619,nan,0.0,nan,0
replay,product/amplitude,aligned10,0,50,excluded,0.42186948853615525,0.45644399368942984,nan,0.0,nan,0
replay,product/amplitude,aligned10,0,100,excluded,0.6545292207792208,0.7052913752913753,1.0,0.1,0.18181818181818182,1
replay,product/amplitude,aligned10,0,199,excluded,0.9094827586206897,0.9455555555555556,1.0,0.4,0.5714285714285715,4
replay,product/amplitude,aligned10,1,50,excluded,0.13891579849508728,0.2603238555790938,0.0,0.0,0.0,1
replay,product/amplitude,aligned10,1,100,excluded,0.2106193568615105,0.2974756351638374,0.0,0.0,0.0,2
replay,product/amplitude,aligned10,1,199,excluded,1.0,1.0,1.0,0.2,0.33333333333333337,2
replay,product/amplitude,aligned10,2,50,excluded,0.2970213666862094,0.37474445735221595,nan,0.0,nan,0
replay,product/amplitude,aligned10,2,100,excluded,0.2578303129618919,0.3178807303807304,0.0,0.0,0.0,1
replay,product/amplitude,aligned10,2,199,excluded,0.6647537878787879,0.7231517356517356,1.0,0.2,0.33333333333333337,2
replay,product/amplitude,aligned10,3,50,excluded,0.20530256119878762,0.3999596924963731,1.0,0.1,0.18181818181818182,1
replay,product/amplitude,aligned10,3,100,excluded,0.8923444976076554,0.9232558139534884,1.0,0.1,0.18181818181818182,1
replay,product/amplitude,aligned10,3,199,excluded,0.9163157894736843,0.9117391304347826,1.0,0.5,0.6666666666666666,5
replay,product/amplitude,aligned10,4,50,excluded,0.5191551893942903,0.40968363801098234,nan,0.0,nan,0
replay,product/amplitude,aligned10,4,100,excluded,0.5842792205208653,0.534656002751978,1.0,0.2,0.33333333333333337,2
replay,product/amplitude,aligned10,4,199,excluded,0.9169431875314228,0.9263455988455987,1.0,0.2,0.33333333333333337,2
replay,product/amplitude,aligned10,5,50,excluded,0.2561003595887317,0.34619864674460116,0.0,0.0,0.0,1
replay,product/amplitude,aligned10,5,100,excluded,0.7831268348509728,0.7817052767052767,1.0,0.2,0.33333333333333337,2
replay,product/amplitude,aligned10,5,199,excluded,0.9651515151515152,0.9651515151515152,1.0,0.2,0.33333333333333337,2
replay,product/amplitude,aligned10,6,50,excluded,0.37156816628647826,0.4456952480270074,nan,0.0,nan,0
replay,product/amplitude,aligned10,6,100,excluded,0.4175797687208312,0.4614521910812234,1.0,0.1,0.18181818181818182,1
replay,product/amplitude,aligned10,6,199,excluded,1.0,1.0,1.0,0.2,0.33333333333333337,2
replay,product/amplitude,aligned10,7,50,excluded,0.4373774613949557,0.6144156480036569,1.0,0.1,0.18181818181818182,1
replay,product/amplitude,aligned10,7,100,excluded,0.7322401433691756,0.7998907342657343,1.0,0.3,0.4615384615384615,3
replay,product/amplitude,aligned10,7,199,excluded,0.990909090909091,1.0,1.0,0.5,0.6666666666666666,5
replay,product/amplitude,aligned10,8,50,excluded,0.6048552188552188,0.6725368338557993,nan,0.0,nan,0
replay,product/amplitude,aligned10,8,100,excluded,0.631677822400714,0.7313263125763125,1.0,0.2,0.33333333333333337,2
replay,product/amplitude,aligned10,8,199,excluded,0.9697979797979798,0.9809090909090908,1.0,0.2,0.33333333333333337,2
replay,product/amplitude,aligned10,9,50,excluded,0.4090126432198799,0.4895562868327096,1.0,0.1,0.18181818181818182,1
replay,product/amplitude,aligned10,9,100,excluded,0.8342818945760122,0.928311965811966,1.0,0.1,0.18181818181818182,1
replay,product/amplitude,aligned10,9,199,excluded,1.0,1.0,1.0,0.5,0.6666666666666666,5
replay,product/amplitude,decoupled,0,50,excluded,0.5774773641851106,0.7811426116838487,1.0,0.125,0.2222222222222222,1
replay,product/amplitude,decoupled,0,100,excluded,0.6502232142857143,0.7589529664324746,1.0,0.25,0.4,2
replay,product/amplitude,decoupled,0,199,excluded,1.0,1.0,1.0,0.25,0.4,2
replay,product/amplitude,decoupled,1,50,excluded,0.31314476435907,0.38727948667993056,1.0,0.25,0.4,2
replay,product/amplitude,decoupled,1,100,excluded,0.5037983466358374,0.6122421083818143,1.0,0.25,0.4,2
replay,product/amplitude,decoupled,1,199,excluded,1.0,0.9704861111111112,1.0,0.5,0.6666666666666666,4
replay,product/amplitude,decoupled,2,50,excluded,0.32282574385155904,0.4903975934166612,1.0,0.125,0.2222222222222222,1
replay,product/amplitude,decoupled,2,100,excluded,0.959375,0.8717261904761906,1.0,0.25,0.4,2
replay,product/amplitude,decoupled,2,199,excluded,0.899390243902439,0.9013157894736842,1.0,0.375,0.5454545454545454,3
replay,product/amplitude,decoupled,3,50,excluded,0.10823066726535246,0.13742657467456101,0.0,0.0,0.0,1
replay,product/amplitude,decoupled,3,100,excluded,0.40312352982254956,0.4218940694126621,1.0,0.25,0.4,2
replay,product/amplitude,decoupled,3,199,excluded,0.7705357142857143,0.7547831632653061,1.0,0.375,0.5454545454545454,3
replay,product/amplitude,decoupled,4,50,excluded,0.1784046614172553,0.23634882393543588,nan,0.0,nan,0
replay,product/amplitude,decoupled,4,100,excluded,0.6209976745978725,0.700103021978022,1.0,0.125,0.2222222222222222,1
replay,product/amplitude,decoupled,4,199,excluded,0.9861111111111112,0.9861111111111112,1.0,0.625,0.7692307692307693,5
replay,product/amplitude,decoupled,5,50,excluded,0.196563670708101,0.15793502894386788,nan,0.0,nan,0
replay,product/amplitude,decoupled,5,100,excluded,0.7343772546897547,0.7982954545454545,1.0,0.25,0.4,2
replay,product/amplitude,decoupled,5,199,excluded,1.0,1.0,1.0,0.25,0.4,2
replay,product/amplitude,decoupled,6,50,excluded,0.40491409632034636,0.4465716575091575,0.6666666666666666,0.25,0.36363636363636365,3
replay,product/amplitude,decoupled,6,100,excluded,0.879375,0.9166666666666666,1.0,0.25,0.4,2
replay,product/amplitude,decoupled,6,199,excluded,0.8988095238095238,0.8972222222222223,1.0,0.25,0.4,2
replay,product/amplitude,decoupled,7,50,excluded,0.5105583127111144,0.5660199175824177,1.0,0.125,0.2222222222222222,1
replay,product/amplitude,decoupled,7,100,excluded,0.677823524967893,0.6798871579332084,1.0,0.5,0.6666666666666666,4
replay,product/amplitude,decoupled,7,199,excluded,0.8919491525423728,0.8854166666666666,1.0,0.5,0.6666666666666666,4
replay,product/amplitude,decoupled,8,50,excluded,0.4669196124098501,0.5403205128205129,nan,0.0,nan,0
replay,product/amplitude,decoupled,8,100,excluded,0.6782616892911011,0.7589705882352941,1.0,0.375,0.5454545454545454,3
replay,product/amplitude,decoupled,8,199,excluded,1.0,1.0,1.0,0.375,0.5454545454545454,3
replay,product/amplitude,decoupled,9,50,excluded,0.22784610933862337,0.33093434343434336,0.0,0.0,0.0,1
replay,product/amplitude,decoupled,9,100,excluded,0.9208333333333334,0.9062881562881563,1.0,0.375,0.5454545454545454,3
replay,product/amplitude,decoupled,9,199,excluded,1.0,1.0,1.0,0.5,0.6666666666666666,4
replay,product/amplitude_r2d2,aligned10,0,50,excluded,0.43245530390083414,0.4697796392088989,nan,0.0,nan,0
replay,product/amplitude_r2d2,aligned10,0,100,excluded,0.6619597763347763,0.6724159663865545,nan,0.0,nan,0
replay,product/amplitude_r2d2,aligned10,0,199,excluded,0.9555555555555555,1.0,nan,0.0,nan,0
replay,product/amplitude_r2d2,aligned10,1,50,excluded,0.23292964351573336,0.26650043907258114,nan,0.0,nan,0
replay,product/amplitude_r2d2,aligned10,1,100,excluded,0.462988677988678,0.39911316753422016,nan,0.0,nan,0
replay,product/amplitude_r2d2,aligned10,1,199,excluded,0.8361294261294262,0.6042932067932067,nan,0.0,nan,0
replay,product/amplitude_r2d2,aligned10,2,50,excluded,0.47675871553920335,0.4562710112710112,nan,0.0,nan,0
replay,product/amplitude_r2d2,aligned10,2,100,excluded,0.42966067078385917,0.4515178239317407,nan,0.0,nan,0
replay,product/amplitude_r2d2,aligned10,2,199,excluded,0.6851556776556776,0.725889110889111,nan,0.0,nan,0
replay,product/amplitude_r2d2,aligned10,3,50,excluded,0.3146340300311689,0.34094145792288205,nan,0.0,nan,0
replay,product/amplitude_r2d2,aligned10,3,100,excluded,0.8095692883895131,0.8398684210526316,nan,0.0,nan,0
replay,product/amplitude_r2d2,aligned10,3,199,excluded,0.886179921773142,0.8663482858604811,nan,0.0,nan,0
replay,product/amplitude_r2d2,aligned10,4,50,excluded,0.29484889242814877,0.38287878787878793,nan,0.0,nan,0
replay,product/amplitude_r2d2,aligned10,4,100,excluded,0.716146045312712,0.6790601503759399,nan,0.0,nan,0
replay,product/amplitude_r2d2,aligned10,4,199,excluded,0.8352011494252872,0.7671031746031746,nan,0.0,nan,0
replay,product/amplitude_r2d2,aligned10,5,50,excluded,0.30496756292346017,0.427245097856049,nan,0.0,nan,0
replay,product/amplitude_r2d2,aligned10,5,100,excluded,0.7201113926723683,0.7286555017487222,nan,0.0,nan,0
replay,product/amplitude_r2d2,aligned10,5,199,excluded,0.8693333333333332,0.8560080645161289,nan,0.0,nan,0
replay,product/amplitude_r2d2,aligned10,6,50,excluded,0.30224994857745013,0.42837935748462064,nan,0.0,nan,0
replay,product/amplitude_r2d2,aligned10,6,100,excluded,0.5607735363147733,0.5646581196581196,nan,0.0,nan,0
replay,product/amplitude_r2d2,aligned10,6,199,excluded,0.9714285714285715,0.990909090909091,nan,0.0,nan,0
replay,product/amplitude_r2d2,aligned10,7,50,excluded,0.44782303380238087,0.600392347116485,nan,0.0,nan,0
replay,product/amplitude_r2d2,aligned10,7,100,excluded,0.8785714285714284,0.8825973146095099,nan,0.0,nan,0
replay,product/amplitude_r2d2,aligned10,7,199,excluded,0.8873684210526316,0.9318181818181819,nan,0.0,nan,0
replay,product/amplitude_r2d2,aligned10,8,50,excluded,0.46898142746779764,0.6190323062180682,nan,0.0,nan,0
replay,product/amplitude_r2d2,aligned10,8,100,excluded,0.8693902439024391,0.8299693397244894,nan,0.0,nan,0
replay,product/amplitude_r2d2,aligned10,8,199,excluded,0.8606268731268731,0.8772546897546899,nan,0.0,nan,0
replay,product/amplitude_r2d2,aligned10,9,50,excluded,0.41703361640335085,0.5068621854336139,nan,0.0,nan,0
replay,product/amplitude_r2d2,aligned10,9,100,excluded,0.6352338285322978,0.6374050510892617,nan,0.0,nan,0
replay,product/amplitude_r2d2,aligned10,9,199,excluded,0.95,0.9588235294117646,nan,0.0,nan,0
replay,product/amplitude_r2d2,aligned3,0,50,excluded,0.5396825396825397,0.8055555555555555,nan,0.0,nan,0
replay,product/amplitude_r2d2,aligned3,0,100,excluded,1.0,1.0,nan,0.0,nan,0
replay,product/amplitude_r2d2,aligned3,0,199,excluded,1.0,1.0,1.0,0.6666666666666666,0.8,2
replay,product/amplitude_r2d2,aligned3,1,50,excluded,0.375,0.3134920634920635,nan,0.0,nan,0
replay,product/amplitude_r2d2,aligned3,1,100,excluded,1.0,1.0,1.0,0.3333333333333333,0.5,1
replay,product/amplitude_r2d2,aligned3,1,199,excluded,1.0,1.0,1.0,0.3333333333333333,0.5,1
replay,product/amplitude_r2d2,aligned3,2,50,excluded,0.5555555555555555,0.6388888888888888,nan,0.0,nan,0
replay,product/amplitude_r2d2,aligned3,2,100,excluded,1.0,1.0,1.0,0.3333333333333333,0.5,1
replay,product/amplitude_r2d2,aligned3,2,199,excluded,1.0,1.0,1.0,1.0,1.0,3
replay,product/amplitude_r2d2,aligned3,3,50,excluded,0.7666666666666666,0.8666666666666667,1.0,0.6666666666666666,0.8,2
replay,product/amplitude_r2d2,aligned3,3,100,excluded,1.0,1.0,1.0,1.0,1.0,3
replay,product/amplitude_r2d2,aligned3,3,199,excluded,1.0,1.0,1.0,1.0,1.0,3
replay,product/amplitude_r2d2,aligned3,4,50,excluded,0.7435897435897436,0.8666666666666667,nan,0.0,nan,0
replay,product/amplitude_r2d2,aligned3,4,100,excluded,1.0,1.0,1.0,0.6666666666666666,0.8,2
replay,product/amplitude_r2d2,aligned3,4,199,excluded,1.0,1.0,1.0,1.0,1.0,3
replay,product/amplitude_r2d2,aligned3,5,50,excluded,0.5112359550561798,0.5142857142857143,nan,0.0,nan,0
replay,product/amplitude_r2d2,aligned3,5,100,excluded,1.0,1.0,1.0,0.3333333333333333,0.5,1
replay,product/amplitude_r2d2,aligned3,5,199,excluded,1.0,1.0,1.0,1.0,1.0,3
replay,product/amplitude_r2d2,aligned3,6,50,excluded,1.0,1.0,nan,0.0,nan,0
replay,product/amplitude_r2d2,aligned3,6,100,excluded,1.0,1.0,1.0,0.3333333333333333,0.5,1
replay,product/amplitude_r2d2,aligned3,6,199,excluded,1.0,1.0,1.0,0.6666666666666666,0.8,2
replay,product/amplitude_r2d2,aligned3,7,50,excluded,0.9166666666666666,1.0,1.0,0.3333333333333333,0.5,1
replay,product/amplitude_r2d2,aligned3,7,100,excluded,1.0,1.0,1.0,0.6666666666666666,0.8,2
replay,product/amplitude_r2d2,aligned3,7,199,excluded,1.0,1.0,1.0,1.0,1.0,3
replay,product/amplitude_r2d2,aligned3,8,50,excluded,0.6989247311827956,0.7192982456140351,nan,0.0,nan,0
replay,product/amplitude_r2d2,aligned3,8,100,excluded,1.0,1.0,nan,0.0,nan,0
replay,product/amplitude_r2d2,aligned3,8,199,excluded,1.0,1.0,1.0,0.6666666666666666,0.8,2
replay,product/amplitude_r2d2,aligned3,9,50,excluded,0.8666666666666667,0.9166666666666666,nan,0.0,nan,0
replay,product/amplitude_r2d2,aligned3,9,100,excluded,1.0,1.0,nan,0.0,nan,0
replay,product/amplitude_r2d2,aligned3,9,199,excluded,1.0,1.0,1.0,1.0,1.0,3
replay,product/amplitude_r2d2,anti_aligned,0,50,excluded,0.2926602682416636,0.35754474570264044,nan,0.0,nan,0
replay,product/amplitude_r2d2,anti_aligned,0,100,excluded,0.5102633477633477,0.5064412238325282,nan,0.0,nan,0
replay,product/amplitude_r2d2,anti_aligned,0,199,excluded,0.9761904761904763,0.9242424242424242,nan,0.0,nan,0
replay,product/amplitude_r2d2,anti_aligned,1,50,excluded,0.13773923444976077,0.24269172561855487,nan,0.0,nan,0
replay,product/amplitude_r2d2,anti_aligned,1,100,excluded,0.7034920634920635,0.6689814814814815,nan,0.0,nan,0
replay,product/amplitude_r2d2,anti_aligned,1,199,excluded,0.9333333333333332,0.9484126984126985,1.0,0.16666666666666666,0.2857142857142857,1
replay,product/amplitude_r2d2,anti_aligned,2,50,excluded,0.47421889704498393,0.47705557021594763,nan,0.0,nan,0
replay,product/amplitude_r2d2,anti_aligned,2,100,excluded,0.7066047471620228,0.6385387488328665,nan,0.0,nan,0
replay,product/amplitude_r2d2,anti_aligned,2,199,excluded,1.0,1.0,1.0,0.3333333333333333,0.5,2
replay,product/amplitude_r2d2,anti_aligned,3,50,excluded,0.4539175539175539,0.2453724007925058,nan,0.0,nan,0
replay,product/amplitude_r2d2,anti_aligned,3,100,excluded,0.6434640522875817,0.6250102838338133,nan,0.0,nan,0
replay,product/amplitude_r2d2,anti_aligned,3,199,excluded,1.0,0.9761904761904763,1.0,0.3333333333333333,0.5,2
replay,product/amplitude_r2d2,anti_aligned,4,50,excluded,0.47395295467584625,0.5501958359101216,nan,0.0,nan,0
replay,product/amplitude_r2d2,anti_aligned,4,100,excluded,0.5623052426120604,0.5506226219301279,nan,0.0,nan,0
replay,product/amplitude_r2d2,anti_aligned,4,199,excluded,0.9583333333333334,0.9242424242424242,1.0,0.3333333333333333,0.5,2
replay,product/amplitude_r2d2,anti_aligned,5,50,excluded,0.1314153159480496,0.29632490453980703,nan,0.0,nan,0
replay,product/amplitude_r2d2,anti_aligned,5,100,excluded,0.794973544973545,0.7424242424242425,1.0,0.16666666666666666,0.2857142857142857,1
replay,product/amplitude_r2d2,anti_aligned,5,199,excluded,1.0,0.9761904761904763,1.0,0.16666666666666666,0.2857142857142857,1
replay,product/amplitude_r2d2,anti_aligned,6,50,excluded,0.4251234912780128,0.36342712842712843,nan,0.0,nan,0
replay,product/amplitude_r2d2,anti_aligned,6,100,excluded,0.6939447775557036,0.7160364145658263,nan,0.0,nan,0
replay,product/amplitude_r2d2,anti_aligned,6,199,excluded,1.0,1.0,nan,0.0,nan,0
replay,product/amplitude_r2d2,anti_aligned,7,50,excluded,0.08119909641506821,0.2043347308975785,nan,0.0,nan,0
replay,product/amplitude_r2d2,anti_aligned,7,100,excluded,0.8468468468468467,0.8603603603603603,1.0,0.3333333333333333,0.5,2
replay,product/amplitude_r2d2,anti_aligned,7,199,excluded,1.0,1.0,1.0,0.5,0.6666666666666666,3
replay,product/amplitude_r2d2,anti_aligned,8,50,excluded,0.247392091305369,0.27729810317361614,nan,0.0,nan,0
replay,product/amplitude_r2d2,anti_aligned,8,100,excluded,0.8341269841269842,0.7141414141414142,nan,0.0,nan,0
replay,product/amplitude_r2d2,anti_aligned,8,199,excluded,1.0,1.0,1.0,0.16666666666666666,0.2857142857142857,1
replay,product/amplitude_r2d2,anti_aligned,9,50,excluded,0.5529162528963919,0.5380870561282932,nan,0.0,nan,0
replay,product/amplitude_r2d2,anti_aligned,9,100,excluded,0.8529411764705882,0.771164021164021,nan,0.0,nan,0
replay,product/amplitude_r2d2,anti_aligned,9,199,excluded,0.8690476190476191,0.8655913978494624,nan,0.0,nan,0
replay,product/amplitude_r2d2,decoupled,0,50,excluded,0.5397600570161546,0.711304012345679,nan,0.0,nan,0
replay,product/amplitude_r2d2,decoupled,0,100,excluded,0.8272058823529411,0.8040592783505154,nan,0.0,nan,0
replay,product/amplitude_r2d2,decoupled,0,199,excluded,0.7885135135135134,0.9053030303030303,1.0,0.25,0.4,2
replay,product/amplitude_r2d2,decoupled,1,50,excluded,0.5471681135180025,0.48107120646766166,1.0,0.125,0.2222222222222222,1
replay,product/amplitude_r2d2,decoupled,1,100,excluded,0.44460462252656024,0.4591372393287716,1.0,0.125,0.2222222222222222,1
replay,product/amplitude_r2d2,decoupled,1,199,excluded,0.9184409340659341,0.8956845238095238,1.0,0.125,0.2222222222222222,1
replay,product/amplitude_r2d2,decoupled,2,50,excluded,0.17027052808302806,0.3675065587894009,nan,0.0,nan,0
replay,product/amplitude_r2d2,decoupled,2,100,excluded,0.6140248014863077,0.6669032663713514,nan,0.0,nan,0
replay,product/amplitude_r2d2,decoupled,2,199,excluded,0.8237365044593961,0.8377113526570048,nan,0.0,nan,0
replay,product/amplitude_r2d2,decoupled,3,50,excluded,0.2737536026153913,0.17275652870165065,nan,0.0,nan,0
replay,product/amplitude_r2d2,decoupled,3,100,excluded,0.5325760696122128,0.43750182109557106,nan,0.0,nan,0
replay,product/amplitude_r2d2,decoupled,3,199,excluded,0.7716200023380875,0.7601190476190477,1.0,0.25,0.4,2
replay,product/amplitude_r2d2,decoupled,4,50,excluded,0.21772186147186146,0.35926960283594467,nan,0.0,nan,0
replay,product/amplitude_r2d2,decoupled,4,100,excluded,0.41263572736787024,0.43686521811521806,nan,0.0,nan,0
replay,product/amplitude_r2d2,decoupled,4,199,excluded,0.9583333333333333,0.9659090909090909,nan,0.0,nan,0
replay,product/amplitude_r2d2,decoupled,5,50,excluded,0.1341424712020892,0.12343744862732203,nan,0.0,nan,0
replay,product/amplitude_r2d2,decoupled,5,100,excluded,0.7067463786213787,0.7039707775001892,nan,0.0,nan,0
replay,product/amplitude_r2d2,decoupled,5,199,excluded,1.0,1.0,nan,0.0,nan,0
replay,product/amplitude_r2d2,decoupled,6,50,excluded,0.3264084522517731,0.292524747466389,nan,0.0,nan,0
replay,product/amplitude_r2d2,decoupled,6,100,excluded,0.6049390968508616,0.6446069376026273,1.0,0.125,0.2222222222222222,1
replay,product/amplitude_r2d2,decoupled,6,199,excluded,0.975,1.0,1.0,0.125,0.2222222222222222,1
replay,product/amplitude_r2d2,decoupled,7,50,excluded,0.3985585797263429,0.4797087415508468,nan,0.0,nan,0
replay,product/amplitude_r2d2,decoupled,7,100,excluded,0.8215512684989429,0.7879432624113474,nan,0.0,nan,0
replay,product/amplitude_r2d2,decoupled,7,199,excluded,0.9184782608695652,0.8916666666666666,1.0,0.125,0.2222222222222222,1
replay,product/amplitude_r2d2,decoupled,8,50,excluded,0.37802568294451255,0.5198496155585708,nan,0.0,nan,0
replay,product/amplitude_r2d2,decoupled,8,100,excluded,0.7021504357711255,0.8977272727272727,nan,0.0,nan,0
replay,product/amplitude_r2d2,decoupled,8,199,excluded,0.9861111111111112,1.0,1.0,0.25,0.4,2
replay,product/amplitude_r2d2,decoupled,9,50,excluded,0.37221504341069556,0.534965034965035,nan,0.0,nan,0
replay,product/amplitude_r2d2,decoupled,9,100,excluded,0.7659803761687323,0.7540178571428571,nan,0.0,nan,0
replay,product/amplitude_r2d2,decoupled,9,199,excluded,1.0,1.0,1.0,0.25,0.4,2
replay,product/amplitude_r2d2,interaction_g0.00,0,50,excluded,0.5571969696969697,0.47714285714285704,nan,0.0,nan,0
replay,product/amplitude_r2d2,interaction_g0.00,0,100,excluded,0.8583333333333332,0.9666666666666666,nan,0.0,nan,0
replay,product/amplitude_r2d2,interaction_g0.00,0,199,excluded,1.0,1.0,nan,0.0,nan,0
replay,product/amplitude_r2d2,interaction_g0.00,1,50,excluded,0.6251082251082252,0.8333333333333334,nan,0.0,nan,0
replay,product/amplitude_r2d2,interaction_g0.00,1,100,excluded,1.0,1.0,nan,0.0,nan,0
replay,product/amplitude_r2d2,interaction_g0.00,1,199,excluded,1.0,1.0,1.0,0.2,0.33333333333333337,1
replay,product/amplitude_r2d2,interaction_g0.00,2,50,excluded,0.30480408202560894,0.44865288220551375,nan,0.0,nan,0
replay,product/amplitude_r2d2,interaction_g0.00,2,100,excluded,0.9428571428571428,0.9266666666666665,nan,0.0,nan,0
replay,product/amplitude_r2d2,interaction_g0.00,2,199,excluded,1.0,1.0,nan,0.0,nan,0
replay,product/amplitude_r2d2,interaction_g0.00,3,50,excluded,0.3516111660759684,0.3065986394557823,nan,0.0,nan,0
replay,product/amplitude_r2d2,interaction_g0.00,3,100,excluded,0.7083333333333333,0.8333333333333334,nan,0.0,nan,0
replay,product/amplitude_r2d2,interaction_g0.00,3,199,excluded,1.0,1.0,1.0,0.4,0.5714285714285715,2
replay,product/amplitude_r2d2,interaction_g0.00,4,50,excluded,0.2931071131101116,0.4012691012691013,nan,0.0,nan,0
replay,product/amplitude_r2d2,interaction_g0.00,4,100,excluded,0.890909090909091,0.9111111111111111,nan,0.0,nan,0
replay,product/amplitude_r2d2,interaction_g0.00,4,199,excluded,1.0,1.0,1.0,0.4,0.5714285714285715,2
replay,product/amplitude_r2d2,interaction_g0.00,5,50,excluded,0.5317373701813061,0.6045833333333334,nan,0.0,nan,0
replay,product/amplitude_r2d2,interaction_g0.00,5,100,excluded,0.885,0.8711111111111111,nan,0.0,nan,0
replay,product/amplitude_r2d2,interaction_g0.00,5,199,excluded,1.0,1.0,1.0,0.2,0.33333333333333337,1
replay,product/amplitude_r2d2,interaction_g0.00,6,50,excluded,0.45075346594333937,0.6083333333333333,nan,0.0,nan,0
replay,product/amplitude_r2d2,interaction_g0.00,6,100,excluded,1.0,1.0,nan,0.0,nan,0
replay,product/amplitude_r2d2,interaction_g0.00,6,199,excluded,1.0,1.0,1.0,0.4,0.5714285714285715,2
replay,product/amplitude_r2d2,interaction_g0.00,7,50,excluded,0.6175438596491227,0.5983682983682984,nan,0.0,nan,0
replay,product/amplitude_r2d2,interaction_g0.00,7,100,excluded,1.0,1.0,1.0,0.2,0.33333333333333337,1
replay,product/amplitude_r2d2,interaction_g0.00,7,199,excluded,1.0,1.0,1.0,0.4,0.5714285714285715,2
replay,product/amplitude_r2d2,interaction_g0.00,8,50,excluded,0.578030303030303,0.6336363636363636,nan,0.0,nan,0
replay,product/amplitude_r2d2,interaction_g0.00,8,100,excluded,0.7758730158730158,0.8384615384615385,nan,0.0,nan,0
replay,product/amplitude_r2d2,interaction_g0.00,8,199,excluded,1.0,1.0,nan,0.0,nan,0
replay,product/amplitude_r2d2,interaction_g0.00,9,50,excluded,0.21507215007215005,0.27214285714285713,nan,0.0,nan,0
replay,product/amplitude_r2d2,interaction_g0.00,9,100,excluded,0.72,0.835,nan,0.0,nan,0
replay,product/amplitude_r2d2,interaction_g0.00,9,199,excluded,1.0,1.0,1.0,0.4,0.5714285714285715,2
replay,product/amplitude_r2d2,interaction_g0.25,0,50,excluded,0.310064445358563,0.4946031746031746,nan,0.0,nan,0
replay,product/amplitude_r2d2,interaction_g0.25,0,100,excluded,0.7627450980392156,0.8555555555555555,1.0,0.2,0.33333333333333337,1
replay,product/amplitude_r2d2,interaction_g0.25,0,199,excluded,1.0,1.0,1.0,0.6,0.7499999999999999,3
replay,product/amplitude_r2d2,interaction_g0.25,1,50,excluded,0.5874125874125874,0.632332707942464,nan,0.0,nan,0
replay,product/amplitude_r2d2,interaction_g0.25,1,100,excluded,1.0,1.0,1.0,0.2,0.33333333333333337,1
replay,product/amplitude_r2d2,interaction_g0.25,1,199,excluded,0.9666666666666666,1.0,1.0,0.8,0.888888888888889,4
replay,product/amplitude_r2d2,interaction_g0.25,2,50,excluded,0.5198418972332016,0.5361416361416361,nan,0.0,nan,0
replay,product/amplitude_r2d2,interaction_g0.25,2,100,excluded,0.885,0.9428571428571428,nan,0.0,nan,0
replay,product/amplitude_r2d2,interaction_g0.25,2,199,excluded,1.0,1.0,1.0,0.6,0.7499999999999999,3
replay,product/amplitude_r2d2,interaction_g0.25,3,50,excluded,0.2867532467532467,0.1654562263501892,nan,0.0,nan,0
replay,product/amplitude_r2d2,interaction_g0.25,3,100,excluded,0.7109890109890109,0.591159420289855,1.0,0.4,0.5714285714285715,2
replay,product/amplitude_r2d2,interaction_g0.25,3,199,excluded,1.0,0.9666666666666666,1.0,0.6,0.7499999999999999,3
replay,product/amplitude_r2d2,interaction_g0.25,4,50,excluded,0.06286105139730311,0.08825870646766168,nan,0.0,nan,0
replay,product/amplitude_r2d2,interaction_g0.25,4,100,excluded,0.7254545454545454,0.7088888888888889,1.0,0.2,0.33333333333333337,1
replay,product/amplitude_r2d2,interaction_g0.25,4,199,excluded,1.0,1.0,1.0,0.6,0.7499999999999999,3
replay,product/amplitude_r2d2,interaction_g0.25,5,50,excluded,0.1117989501395085,0.18940685045948202,nan,0.0,nan,0
replay,product/amplitude_r2d2,interaction_g0.25,5,100,excluded,0.6006493506493507,0.6203007518796992,nan,0.0,nan,0
replay,product/amplitude_r2d2,interaction_g0.25,5,199,excluded,1.0,1.0,1.0,0.8,0.888888888888889,4
replay,product/amplitude_r2d2,interaction_g0.25,6,50,excluded,0.41047619047619044,0.9666666666666666,nan,0.0,nan,0
replay,product/amplitude_r2d2,interaction_g0.25,6,100,excluded,0.9111111111111111,0.8833333333333334,1.0,0.2,0.33333333333333337,1
replay,product/amplitude_r2d2,interaction_g0.25,6,199,excluded,1.0,1.0,1.0,0.8,0.888888888888889,4
replay,product/amplitude_r2d2,interaction_g0.25,7,50,excluded,0.6494623655913978,0.41394607843137254,nan,0.0,nan,0
replay,product/amplitude_r2d2,interaction_g0.25,7,100,excluded,0.780952380952381,0.8714285714285713,nan,0.0,nan,0
replay,product/amplitude_r2d2,interaction_g0.25,7,199,excluded,1.0,1.0,1.0,0.4,0.5714285714285715,2
replay,product/amplitude_r2d2,interaction_g0.25,8,50,excluded,0.3358552631578947,0.6868117797695262,nan,0.0,nan,0
replay,product/amplitude_r2d2,interaction_g0.25,8,100,excluded,0.4523076923076923,0.595970695970696,nan,0.0,nan,0
replay,product/amplitude_r2d2,interaction_g0.25,8,199,excluded,1.0,1.0,1.0,0.4,0.5714285714285715,2
replay,product/amplitude_r2d2,interaction_g0.25,9,50,excluded,0.31283004258614017,0.2564827764827765,nan,0.0,nan,0
replay,product/amplitude_r2d2,interaction_g0.25,9,100,excluded,0.4215686274509804,0.34307355445624854,1.0,0.2,0.33333333333333337,1
replay,product/amplitude_r2d2,interaction_g0.25,9,199,excluded,1.0,1.0,1.0,0.8,0.888888888888889,4
replay,product/amplitude_r2d2,interaction_g0.50,0,50,excluded,0.32603610859424814,0.5415151515151515,1.0,0.2,0.33333333333333337,1
replay,product/amplitude_r2d2,interaction_g0.50,0,100,excluded,0.6821052631578948,0.7666666666666666,1.0,0.2,0.33333333333333337,1
replay,product/amplitude_r2d2,interaction_g0.50,0,199,excluded,1.0,1.0,1.0,0.8,0.888888888888889,4
replay,product/amplitude_r2d2,interaction_g0.50,1,50,excluded,0.15425013851223282,0.10582010582010581,nan,0.0,nan,0
replay,product/amplitude_r2d2,interaction_g0.50,1,100,excluded,0.7309523809523809,0.6258333333333332,1.0,0.4,0.5714285714285715,2
replay,product/amplitude_r2d2,interaction_g0.50,1,199,excluded,1.0,1.0,1.0,0.6,0.7499999999999999,3
replay,product/amplitude_r2d2,interaction_g0.50,2,50,excluded,0.5436507936507936,0.7103603603603604,nan,0.0,nan,0
replay,product/amplitude_r2d2,interaction_g0.50,2,100,excluded,0.7258730158730159,0.8155555555555555,nan,0.0,nan,0
replay,product/amplitude_r2d2,interaction_g0.50,2,199,excluded,1.0,1.0,1.0,0.6,0.7499999999999999,3
replay,product/amplitude_r2d2,interaction_g0.50,3,50,excluded,0.14833333333333332,0.08794677544677545,nan,0.0,nan,0
replay,product/amplitude_r2d2,interaction_g0.50,3,100,excluded,0.4203714565004887,0.40942028985507245,1.0,0.2,0.33333333333333337,1
replay,product/amplitude_r2d2,interaction_g0.50,3,199,excluded,0.9428571428571428,1.0,1.0,0.8,0.888888888888889,4
replay,product/amplitude_r2d2,interaction_g0.50,4,50,excluded,0.4094017094017094,0.33871485943775104,nan,0.0,nan,0
replay,product/amplitude_r2d2,interaction_g0.50,4,100,excluded,0.83125,0.7542857142857142,1.0,0.2,0.33333333333333337,1
replay,product/amplitude_r2d2,interaction_g0.50,4,199,excluded,0.9428571428571428,1.0,1.0,0.8,0.888888888888889,4
replay,product/amplitude_r2d2,interaction_g0.50,5,50,excluded,0.1763058776885717,0.19661904761904764,nan,0.0,nan,0
replay,product/amplitude_r2d2,interaction_g0.50,5,100,excluded,0.7636363636363636,0.6948717948717948,nan,0.0,nan,0
replay,product/amplitude_r2d2,interaction_g0.50,5,199,excluded,1.0,1.0,1.0,0.6,0.7499999999999999,3
replay,product/amplitude_r2d2,interaction_g0.50,6,50,excluded,0.22094384707287934,0.512967032967033,nan,0.0,nan,0
replay,product/amplitude_r2d2,interaction_g0.50,6,100,excluded,0.9111111111111111,0.7257799671592775,1.0,0.2,0.33333333333333337,1
replay,product/amplitude_r2d2,interaction_g0.50,6,199,excluded,1.0,1.0,1.0,0.8,0.888888888888889,4
replay,product/amplitude_r2d2,interaction_g0.50,7,50,excluded,0.2460541083348101,0.30798447151568065,nan,0.0,nan,0
replay,product/amplitude_r2d2,interaction_g0.50,7,100,excluded,1.0,0.9666666666666666,1.0,0.4,0.5714285714285715,2
replay,product/amplitude_r2d2,interaction_g0.50,7,199,excluded,1.0,1.0,1.0,0.8,0.888888888888889,4
replay,product/amplitude_r2d2,interaction_g0.50,8,50,excluded,0.38466371027346635,0.6117131062951496,nan,0.0,nan,0
replay,product/amplitude_r2d2,interaction_g0.50,8,100,excluded,0.6730158730158731,0.6948717948717948,1.0,0.2,0.33333333333333337,1
replay,product/amplitude_r2d2,interaction_g0.50,8,199,excluded,0.876923076923077,0.9666666666666666,1.0,0.4,0.5714285714285715,2
replay,product/amplitude_r2d2,interaction_g0.50,9,50,excluded,0.24123595505617973,0.25303969931876913,1.0,0.2,0.33333333333333337,1
replay,product/amplitude_r2d2,interaction_g0.50,9,100,excluded,0.825,0.7435374149659864,1.0,0.4,0.5714285714285715,2
replay,product/amplitude_r2d2,interaction_g0.50,9,199,excluded,0.9666666666666666,0.9666666666666666,1.0,0.8,0.888888888888889,4
replay,product/amplitude_r2d2,interaction_g0.75,0,50,excluded,0.37973515092502436,0.4397276636407071,nan,0.0,nan,0
replay,product/amplitude_r2d2,interaction_g0.75,0,100,excluded,0.8,0.7714285714285715,1.0,0.4,0.5714285714285715,2
replay,product/amplitude_r2d2,interaction_g0.75,0,199,excluded,0.9666666666666666,0.8303030303030303,1.0,0.8,0.888888888888889,4
replay,product/amplitude_r2d2,interaction_g0.75,1,50,excluded,0.38158263305322127,0.4266461222393426,nan,0.0,nan,0
replay,product/amplitude_r2d2,interaction_g0.75,1,100,excluded,0.7111888111888113,0.7088235294117646,1.0,0.4,0.5714285714285715,2
replay,product/amplitude_r2d2,interaction_g0.75,1,199,excluded,1.0,0.9666666666666666,1.0,0.6,0.7499999999999999,3
replay,product/amplitude_r2d2,interaction_g0.75,2,50,excluded,0.3734454191033138,0.5283333333333333,1.0,0.2,0.33333333333333337,1
replay,product/amplitude_r2d2,interaction_g0.75,2,100,excluded,0.8476190476190476,0.9428571428571428,1.0,0.6,0.7499999999999999,3
replay,product/amplitude_r2d2,interaction_g0.75,2,199,excluded,1.0,1.0,1.0,0.6,0.7499999999999999,3
replay,product/amplitude_r2d2,interaction_g0.75,3,50,excluded,0.266578947368421,0.44963855421686744,nan,0.0,nan,0
replay,product/amplitude_r2d2,interaction_g0.75,3,100,excluded,0.9428571428571428,1.0,1.0,0.4,0.5714285714285715,2
replay,product/amplitude_r2d2,interaction_g0.75,3,199,excluded,0.9666666666666666,0.9666666666666666,1.0,0.8,0.888888888888889,4
replay,product/amplitude_r2d2,interaction_g0.75,4,50,excluded,0.16496166765154108,0.4258260019550342,nan,0.0,nan,0
replay,product/amplitude_r2d2,interaction_g0.75,4,100,excluded,0.8263157894736842,0.7470370370370369,1.0,0.4,0.5714285714285715,2
replay,product/amplitude_r2d2,interaction_g0.75,4,199,excluded,0.9,0.9428571428571428,1.0,0.8,0.888888888888889,4
replay,product/amplitude_r2d2,interaction_g0.75,5,50,excluded,0.31907536907536904,0.3166279069767442,nan,0.0,nan,0
replay,product/amplitude_r2d2,interaction_g0.75,5,100,excluded,0.79125,0.7356410256410257,1.0,0.4,0.5714285714285715,2
replay,product/amplitude_r2d2,interaction_g0.75,5,199,excluded,0.9666666666666666,0.8528571428571429,0.8,0.8,0.8000000000000002,5
replay,product/amplitude_r2d2,interaction_g0.75,6,50,excluded,0.15968965912127342,0.2702331002331002,nan,0.0,nan,0
replay,product/amplitude_r2d2,interaction_g0.75,6,100,excluded,1.0,1.0,1.0,0.6,0.7499999999999999,3
replay,product/amplitude_r2d2,interaction_g0.75,6,199,excluded,1.0,1.0,1.0,0.8,0.888888888888889,4
replay,product/amplitude_r2d2,interaction_g0.75,7,50,excluded,0.3292971734148205,0.38020532813515273,nan,0.0,nan,0
replay,product/amplitude_r2d2,interaction_g0.75,7,100,excluded,0.6442528735632183,0.6375438596491227,1.0,0.6,0.7499999999999999,3
replay,product/amplitude_r2d2,interaction_g0.75,7,199,excluded,1.0,1.0,1.0,0.8,0.888888888888889,4
replay,product/amplitude_r2d2,interaction_g0.75,8,50,excluded,0.4002471632400854,0.4657837403967434,1.0,0.2,0.33333333333333337,1
replay,product/amplitude_r2d2,interaction_g0.75,8,100,excluded,0.8625,0.8208333333333334,1.0,0.4,0.5714285714285715,2
replay,product/amplitude_r2d2,interaction_g0.75,8,199,excluded,0.925,0.9266666666666665,1.0,0.8,0.888888888888889,4
replay,product/amplitude_r2d2,interaction_g0.75,9,50,excluded,0.23181818181818184,0.43357753357753365,nan,0.0,nan,0
replay,product/amplitude_r2d2,interaction_g0.75,9,100,excluded,0.655128205128205,0.45928571428571424,0.6666666666666666,0.4,0.5,3
replay,product/amplitude_r2d2,interaction_g0.75,9,199,excluded,1.0,1.0,1.0,0.8,0.888888888888889,4
replay,product/lengthscale,aligned10,0,50,excluded,0.24804556430954317,0.31899747474747475,nan,0.0,nan,0
replay,product/lengthscale,aligned10,0,100,excluded,0.8115873015873015,0.745409016796212,nan,0.0,nan,0
replay,product/lengthscale,aligned10,0,199,ok,0.9454545454545455,0.9588235294117646,1.0,0.3,0.4615384615384615,3
replay,product/lengthscale,aligned10,1,50,excluded,0.3225228844323092,0.21543117709135512,nan,0.0,nan,0
replay,product/lengthscale,aligned10,1,100,ok,0.5216855662068428,0.47338185009293,0.75,0.3,0.4285714285714285,4
replay,product/lengthscale,aligned10,1,199,ok,0.9334782608695653,0.9107070707070708,1.0,0.4,0.5714285714285715,4
replay,product/lengthscale,aligned10,2,50,ok,0.16880069973957712,0.23291876832833375,nan,0.0,nan,0
replay,product/lengthscale,aligned10,2,100,excluded,0.6679848484848485,0.7378030303030303,1.0,0.3,0.4615384615384615,3
replay,product/lengthscale,aligned10,2,199,ok,0.990909090909091,1.0,1.0,0.2,0.33333333333333337,2
replay,product/lengthscale,aligned10,3,50,excluded,0.28920946585211055,0.42265301807166156,nan,0.0,nan,0
replay,product/lengthscale,aligned10,3,100,ok,0.5989412026746024,0.4694512874620401,0.8,0.4,0.5333333333333333,5
replay,product/lengthscale,aligned10,3,199,excluded,0.7209528459528459,0.7446683673469388,1.0,0.5,0.6666666666666666,5
replay,product/lengthscale,aligned10,4,50,excluded,0.2852192881826946,0.23714286469731113,nan,0.0,nan,0
replay,product/lengthscale,aligned10,4,100,excluded,0.8245490620490621,0.7726499690785404,1.0,0.5,0.6666666666666666,5
replay,product/lengthscale,aligned10,4,199,ok,0.9625,0.9809090909090908,1.0,0.6,0.7499999999999999,6
replay,product/lengthscale,aligned10,5,50,excluded,0.362915853952321,0.26793441178765703,nan,0.0,nan,0
replay,product/lengthscale,aligned10,5,100,excluded,0.6840713335406732,0.7278218694885361,1.0,0.4,0.5714285714285715,4
replay,product/lengthscale,aligned10,5,199,excluded,0.7605246265172736,0.7420796341135325,1.0,0.5,0.6666666666666666,5
replay,product/lengthscale,aligned10,6,50,excluded,0.3766868011215837,0.45031202352097877,nan,0.0,nan,0
replay,product/lengthscale,aligned10,6,100,excluded,0.5119647092553496,0.5896020605211783,0.8,0.4,0.5333333333333333,5
replay,product/lengthscale,aligned10,6,199,ok,0.9454545454545455,0.9126582278481014,1.0,0.7,0.8235294117647058,7
replay,product/lengthscale,aligned10,7,50,excluded,0.22701368160904348,0.5055461523658449,1.0,0.1,0.18181818181818182,1
replay,product/lengthscale,aligned10,7,100,excluded,0.6641736694677871,0.7452380952380953,1.0,0.5,0.6666666666666666,5
replay,product/lengthscale,aligned10,7,199,excluded,1.0,1.0,1.0,0.9,0.9473684210526316,9
replay,product/lengthscale,aligned10,8,50,excluded,0.3456204571689413,0.3415710965692996,nan,0.0,nan,0
replay,product/lengthscale,aligned10,8,100,excluded,0.8505050505050505,0.768816091954023,nan,0.0,nan,0
replay,product/lengthscale,aligned10,8,199,excluded,0.8535135135135136,0.8689772727272727,1.0,0.2,0.33333333333333337,2
replay,product/lengthscale,aligned10,9,50,excluded,0.28613401922634873,0.512912387177093,1.0,0.1,0.18181818181818182,1
replay,product/lengthscale,aligned10,9,100,excluded,0.7209386973180076,0.7106492557150451,1.0,0.4,0.5714285714285715,4
replay,product/lengthscale,aligned10,9,199,ok,0.9833333333333334,0.9140845070422536,1.0,0.9,0.9473684210526316,9
replay,product/lengthscale,decoupled,0,50,excluded,0.2479799548277809,0.33902892261166906,nan,0.0,nan,0
replay,product/lengthscale,decoupled,0,100,excluded,0.895021645021645,0.686599137441834,1.0,0.25,0.4,2
replay,product/lengthscale,decoupled,0,199,ok,0.9861111111111112,0.9583333333333333,1.0,0.125,0.2222222222222222,1
replay,product/lengthscale,decoupled,1,50,excluded,0.13620244418003963,0.14377704043075468,0.0,0.0,0.0,1
replay,product/lengthscale,decoupled,1,100,excluded,0.26419830169830166,0.2906776594036824,0.5,0.25,0.3333333333333333,4
replay,product/lengthscale,decoupled,1,199,ok,0.8892857142857142,0.8572222222222222,1.0,0.625,0.7692307692307693,5
replay,product/lengthscale,decoupled,2,50,ok,0.0767186549336527,0.20209817482055645,nan,0.0,nan,0
replay,product/lengthscale,decoupled,2,100,ok,0.4452998831487203,0.6686376989820317,1.0,0.375,0.5454545454545454,3
replay,product/lengthscale,decoupled,2,199,excluded,0.6212975341651812,0.5154393973187884,1.0,0.375,0.5454545454545454,3
replay,product/lengthscale,decoupled,3,50,excluded,0.21623148075534337,0.30857553978232166,0.4,0.25,0.3076923076923077,5
replay,product/lengthscale,decoupled,3,100,excluded,0.6527704783139565,0.678954081632653,1.0,0.375,0.5454545454545454,3
replay,product/lengthscale,decoupled,3,199,excluded,1.0,0.9659090909090909,1.0,0.75,0.8571428571428571,6
replay,product/lengthscale,decoupled,4,50,excluded,0.250631216237604,0.44475180348025173,0.0,0.0,0.0,1
replay,product/lengthscale,decoupled,4,100,excluded,0.7628391472868218,0.7991258610362384,1.0,0.25,0.4,2
replay,product/lengthscale,decoupled,4,199,ok,1.0,1.0,1.0,0.5,0.6666666666666666,4
replay,product/lengthscale,decoupled,5,50,ok,0.19787347242167078,0.2795504918655948,0.5,0.125,0.2,2
replay,product/lengthscale,decoupled,5,100,excluded,0.5782679738562092,0.546432733932734,0.6666666666666666,0.25,0.36363636363636365,3
replay,product/lengthscale,decoupled,5,199,ok,1.0,0.885,1.0,1.0,1.0,8
replay,product/lengthscale,decoupled,6,50,excluded,0.45637946823291653,0.15424488156827648,nan,0.0,nan,0
replay,product/lengthscale,decoupled,6,100,ok,0.23391174765947903,0.28869493766242127,0.6666666666666666,0.25,0.36363636363636365,3
replay,product/lengthscale,decoupled,6,199,excluded,0.47576416337285904,0.33632147686660874,0.42857142857142855,0.375,0.39999999999999997,7
replay,product/lengthscale,decoupled,7,50,excluded,0.15585110909772062,0.220876984995818,nan,0.0,nan,0
replay,product/lengthscale,decoupled,7,100,excluded,0.19613199665831244,0.24205865156119538,nan,0.0,nan,0
replay,product/lengthscale,decoupled,7,199,excluded,0.8711397058823529,0.8068181818181819,1.0,0.5,0.6666666666666666,4
replay,product/lengthscale,decoupled,8,50,ok,0.22724236513564824,0.3391980286738351,nan,0.0,nan,0
replay,product/lengthscale,decoupled,8,100,ok,0.8559782608695652,0.9003413865546219,1.0,0.375,0.5454545454545454,3
replay,product/lengthscale,decoupled,8,199,ok,0.9464285714285714,0.9861111111111112,1.0,0.5,0.6666666666666666,4
replay,product/lengthscale,decoupled,9,50,excluded,0.14857611527047085,0.2136740500660526,0.0,0.0,0.0,1
replay,product/lengthscale,decoupled,9,100,excluded,0.4262893356643357,0.3321823126713688,0.5,0.25,0.3333333333333333,4
replay,product/lengthscale,decoupled,9,199,ok,0.9861111111111112,0.8475,1.0,0.875,0.9333333333333333,7
replay,product/lengthscale_r2d2,aligned10,0,50,ok,0.2712604418722932,0.3154943217295928,nan,0.0,nan,0
replay,product/lengthscale_r2d2,aligned10,0,100,ok,0.5962854737854737,0.6478895768833849,nan,0.0,nan,0
replay,product/lengthscale_r2d2,aligned10,0,199,ok,1.0,1.0,nan,0.0,nan,0
replay,product/lengthscale_r2d2,aligned10,1,50,ok,0.2982821432633334,0.2307113751407411,nan,0.0,nan,0
replay,product/lengthscale_r2d2,aligned10,1,100,ok,0.44537218157282654,0.3825565741907913,1.0,0.2,0.33333333333333337,2
replay,product/lengthscale_r2d2,aligned10,1,199,ok,0.8141609598131337,0.7353174603174604,1.0,0.4,0.5714285714285715,4
replay,product/lengthscale_r2d2,aligned10,2,50,ok,0.2338373718095001,0.20370497149908914,nan,0.0,nan,0
replay,product/lengthscale_r2d2,aligned10,2,100,ok,0.5040575122551867,0.5126986092682687,1.0,0.1,0.18181818181818182,1
replay,product/lengthscale_r2d2,aligned10,2,199,ok,0.8839327485380117,0.8571893302775656,1.0,0.2,0.33333333333333337,2
replay,product/lengthscale_r2d2,aligned10,3,50,ok,0.19399860795428828,0.2990114721592874,nan,0.0,nan,0
replay,product/lengthscale_r2d2,aligned10,3,100,ok,0.6094410984217341,0.5136077383430622,0.8,0.4,0.5333333333333333,5
replay,product/lengthscale_r2d2,aligned10,3,199,ok,0.7809833091436864,0.7179002760524499,1.0,0.4,0.5714285714285715,4
replay,product/lengthscale_r2d2,aligned10,4,50,ok,0.16503672806304384,0.17578706748176579,nan,0.0,nan,0
replay,product/lengthscale_r2d2,aligned10,4,100,ok,0.47114954208059306,0.4304276116040821,1.0,0.1,0.18181818181818182,1
replay,product/lengthscale_r2d2,aligned10,4,199,ok,0.9555555555555555,0.9433119658119657,1.0,0.4,0.5714285714285715,4
replay,product/lengthscale_r2d2,aligned10,5,50,ok,0.2233139776348207,0.3446508901673376,nan,0.0,nan,0
replay,product/lengthscale_r2d2,aligned10,5,100,ok,0.5865124493570071,0.40801352339181285,nan,0.0,nan,0
replay,product/lengthscale_r2d2,aligned10,5,199,ok,0.8876582278481013,0.8203174603174602,1.0,0.6,0.7499999999999999,6
replay,product/lengthscale_r2d2,aligned10,6,50,ok,0.5174350115293511,0.5174557273502286,nan,0.0,nan,0
replay,product/lengthscale_r2d2,aligned10,6,100,ok,0.7229228243021346,0.6848168498168498,nan,0.0,nan,0
replay,product/lengthscale_r2d2,aligned10,6,199,ok,0.9344827586206896,0.847273612463486,1.0,0.6,0.7499999999999999,6
replay,product/lengthscale_r2d2,aligned10,7,50,ok,0.33719942937353964,0.331805259750595,0.6666666666666666,0.2,0.30769230769230765,3
replay,product/lengthscale_r2d2,aligned10,7,100,ok,0.68757630754001,0.6418338907469342,0.8333333333333334,0.5,0.625,6
replay,product/lengthscale_r2d2,aligned10,7,199,ok,0.9192307692307693,0.9105880230880231,1.0,0.8,0.888888888888889,8
replay,product/lengthscale_r2d2,aligned10,8,50,ok,0.38918622436126304,0.45646932724138606,nan,0.0,nan,0
replay,product/lengthscale_r2d2,aligned10,8,100,ok,0.7025445078212773,0.6171052631578946,nan,0.0,nan,0
replay,product/lengthscale_r2d2,aligned10,8,199,ok,0.8952272727272728,0.9048737373737374,1.0,0.1,0.18181818181818182,1
replay,product/lengthscale_r2d2,aligned10,9,50,ok,0.2894213606454431,0.4481418883049317,nan,0.0,nan,0
replay,product/lengthscale_r2d2,aligned10,9,100,ok,0.731342313600378,0.6892759528053646,nan,0.0,nan,0
replay,product/lengthscale_r2d2,aligned10,9,199,ok,0.9525,0.9169431875314228,1.0,0.7,0.8235294117647058,7
replay,product/lengthscale_r2d2,aligned3,0,50,ok,0.8666666666666667,0.9166666666666666,nan,0.0,nan,0
replay,product/lengthscale_r2d2,aligned3,0,100,ok,1.0,1.0,nan,0.0,nan,0
replay,product/lengthscale_r2d2,aligned3,0,199,ok,1.0,1.0,1.0,1.0,1.0,3
replay,product/lengthscale_r2d2,aligned3,1,50,ok,0.44285714285714284,0.3,nan,0.0,nan,0
replay,product/lengthscale_r2d2,aligned3,1,100,ok,0.8055555555555555,0.8055555555555555,1.0,0.3333333333333333,0.5,1
replay,product/lengthscale_r2d2,aligned3,1,199,ok,1.0,1.0,1.0,1.0,1.0,3
replay,product/lengthscale_r2d2,aligned3,2,50,ok,1.0,0.9166666666666666,nan,0.0,nan,0
replay,product/lengthscale_r2d2,aligned3,2,100,ok,0.9166666666666666,1.0,0.75,1.0,0.8571428571428571,4
replay,product/lengthscale_r2d2,aligned3,2,199,ok,1.0,1.0,1.0,1.0,1.0,3
replay,product/lengthscale_r2d2,aligned3,3,50,ok,0.04241812664605519,0.045550481988838154,nan,0.0,nan,0
replay,product/lengthscale_r2d2,aligned3,3,100,ok,1.0,1.0,1.0,0.6666666666666666,0.8,2
replay,product/lengthscale_r2d2,aligned3,3,199,ok,1.0,1.0,1.0,1.0,1.0,3
replay,product/lengthscale_r2d2,aligned3,4,50,ok,0.6929824561403509,0.5158730158730158,nan,0.0,nan,0
replay,product/lengthscale_r2d2,aligned3,4,100,ok,0.8333333333333334,0.8666666666666667,1.0,0.6666666666666666,0.8,2
replay,product/lengthscale_r2d2,aligned3,4,199,ok,1.0,1.0,1.0,1.0,1.0,3
replay,product/lengthscale_r2d2,aligned3,5,50,ok,0.12592812592812594,0.22979797979797978,nan,0.0,nan,0
replay,product/lengthscale_r2d2,aligned3,5,100,ok,1.0,1.0,1.0,1.0,1.0,3
replay,product/lengthscale_r2d2,aligned3,5,199,ok,1.0,1.0,1.0,1.0,1.0,3
replay,product/lengthscale_r2d2,aligned3,6,50,ok,1.0,1.0,nan,0.0,nan,0
replay,product/lengthscale_r2d2,aligned3,6,100,ok,1.0,1.0,1.0,1.0,1.0,3
replay,product/lengthscale_r2d2,aligned3,6,199,ok,1.0,1.0,1.0,1.0,1.0,3
replay,product/lengthscale_r2d2,aligned3,7,50,ok,0.3814728077023159,0.5,nan,0.0,nan,0
replay,product/lengthscale_r2d2,aligned3,7,100,ok,1.0,1.0,1.0,1.0,1.0,3
replay,product/lengthscale_r2d2,aligned3,7,199,ok,1.0,1.0,1.0,1.0,1.0,3
replay,product/lengthscale_r2d2,aligned3,8,50,ok,0.41623931623931626,0.5232558139534884,nan,0.0,nan,0
replay,product/lengthscale_r2d2,aligned3,8,100,ok,0.75,0.7916666666666666,1.0,0.6666666666666666,0.8,2
replay,product/lengthscale_r2d2,aligned3,8,199,ok,1.0,1.0,1.0,1.0,1.0,3
replay,product/lengthscale_r2d2,aligned3,9,50,ok,0.4222222222222222,0.5666666666666668,nan,0.0,nan,0
replay,product/lengthscale_r2d2,aligned3,9,100,ok,1.0,1.0,1.0,1.0,1.0,3
replay,product/lengthscale_r2d2,aligned3,9,199,ok,1.0,1.0,1.0,1.0,1.0,3
replay,product/lengthscale_r2d2,anti_aligned,0,50,ok,0.6350266362252663,0.6433239962651728,nan,0.0,nan,0
replay,product/lengthscale_r2d2,anti_aligned,0,100,ok,0.7018474170372905,0.7299255777516648,nan,0.0,nan,0
replay,product/lengthscale_r2d2,anti_aligned,0,199,ok,0.9583333333333334,1.0,nan,0.0,nan,0
replay,product/lengthscale_r2d2,anti_aligned,1,50,ok,0.34460864805692387,0.31844839316103685,nan,0.0,nan,0
replay,product/lengthscale_r2d2,anti_aligned,1,100,ok,0.6889129389129388,0.6050084175084175,1.0,0.5,0.6666666666666666,3
replay,product/lengthscale_r2d2,anti_aligned,1,199,ok,0.6922466422466423,0.6006493506493507,1.0,0.5,0.6666666666666666,3
replay,product/lengthscale_r2d2,anti_aligned,2,50,ok,0.27336860670194,0.2679794381520724,nan,0.0,nan,0
replay,product/lengthscale_r2d2,anti_aligned,2,100,ok,0.43616722783389444,0.5212409812409813,1.0,0.16666666666666666,0.2857142857142857,1
replay,product/lengthscale_r2d2,anti_aligned,2,199,ok,0.9444444444444443,0.8958333333333334,1.0,0.5,0.6666666666666666,3
replay,product/lengthscale_r2d2,anti_aligned,3,50,ok,0.2611435786435787,0.08827561327561328,nan,0.0,nan,0
replay,product/lengthscale_r2d2,anti_aligned,3,100,ok,0.42991744924133735,0.08299400081291249,nan,0.0,nan,0
replay,product/lengthscale_r2d2,anti_aligned,3,199,ok,0.7100840336134454,0.69026792750197,1.0,0.5,0.6666666666666666,3
replay,product/lengthscale_r2d2,anti_aligned,4,50,ok,0.2999290386276688,0.288240403159758,nan,0.0,nan,0
replay,product/lengthscale_r2d2,anti_aligned,4,100,ok,0.1835563143752799,0.28292907674930146,nan,0.0,nan,0
replay,product/lengthscale_r2d2,anti_aligned,4,199,ok,0.6914141414141414,0.6252805836139169,1.0,0.5,0.6666666666666666,3
replay,product/lengthscale_r2d2,anti_aligned,5,50,ok,0.3761244081610215,0.3196261826780737,nan,0.0,nan,0
replay,product/lengthscale_r2d2,anti_aligned,5,100,ok,0.8021978021978021,0.8169642857142857,1.0,0.6666666666666666,0.8,4
replay,product/lengthscale_r2d2,anti_aligned,5,199,ok,0.8511904761904763,0.8888888888888888,1.0,0.6666666666666666,0.8,4
replay,product/lengthscale_r2d2,anti_aligned,6,50,ok,0.11697679686356989,0.2219522643717459,nan,0.0,nan,0
replay,product/lengthscale_r2d2,anti_aligned,6,100,ok,0.7083333333333331,0.6534959349593497,1.0,0.16666666666666666,0.2857142857142857,1
replay,product/lengthscale_r2d2,anti_aligned,6,199,ok,1.0,0.8090909090909092,1.0,0.6666666666666666,0.8,4
replay,product/lengthscale_r2d2,anti_aligned,7,50,ok,0.11175226740792127,0.07104454152509072,nan,0.0,nan,0
replay,product/lengthscale_r2d2,anti_aligned,7,100,ok,0.30725254871596336,0.33326132409779025,nan,0.0,nan,0
replay,product/lengthscale_r2d2,anti_aligned,7,199,ok,0.9166666666666666,0.9242424242424242,1.0,0.8333333333333334,0.9090909090909091,5
replay,product/lengthscale_r2d2,anti_aligned,8,50,ok,0.0669976153043612,0.05306995350485,nan,0.0,nan,0
replay,product/lengthscale_r2d2,anti_aligned,8,100,ok,0.15310571781160018,0.11514897815441356,nan,0.0,nan,0
replay,product/lengthscale_r2d2,anti_aligned,8,199,ok,0.8655913978494624,0.8489583333333334,1.0,0.8333333333333334,0.9090909090909091,5
replay,product/lengthscale_r2d2,anti_aligned,9,50,ok,0.3860924022214345,0.43216659883326547,nan,0.0,nan,0
replay,product/lengthscale_r2d2,anti_aligned,9,100,ok,0.5438988095238095,0.6782467532467532,nan,0.0,nan,0
replay,product/lengthscale_r2d2,anti_aligned,9,199,ok,0.8611111111111112,0.8255555555555555,1.0,0.6666666666666666,0.8,4
replay,product/lengthscale_r2d2,decoupled,0,50,ok,0.29346786687244963,0.40243466336100986,nan,0.0,nan,0
replay,product/lengthscale_r2d2,decoupled,0,100,ok,0.5165351455186936,0.4893963675213675,nan,0.0,nan,0
replay,product/lengthscale_r2d2,decoupled,0,199,ok,0.9028532608695652,0.8533549783549783,1.0,0.375,0.5454545454545454,3
replay,product/lengthscale_r2d2,decoupled,1,50,ok,0.13742999017547253,0.24000800205243994,0.25,0.125,0.16666666666666666,4
replay,product/lengthscale_r2d2,decoupled,1,100,ok,0.2563407977513697,0.2857113678804855,0.5,0.125,0.2,2
replay,product/lengthscale_r2d2,decoupled,1,199,ok,0.7976190476190477,0.6915151515151514,0.7142857142857143,0.625,0.6666666666666666,7
replay,product/lengthscale_r2d2,decoupled,2,50,ok,0.2279031649880796,0.27238382819680446,nan,0.0,nan,0
replay,product/lengthscale_r2d2,decoupled,2,100,ok,0.1785887134010413,0.25941332972582976,nan,0.0,nan,0
replay,product/lengthscale_r2d2,decoupled,2,199,ok,0.581384154040404,0.5723563797997908,0.75,0.375,0.5,4
replay,product/lengthscale_r2d2,decoupled,3,50,ok,0.1996439049043735,0.20481245167132678,0.09090909090909091,0.125,0.10526315789473685,11
replay,product/lengthscale_r2d2,decoupled,3,100,ok,0.3199207046002481,0.23016191325014854,0.3333333333333333,0.125,0.18181818181818182,3
replay,product/lengthscale_r2d2,decoupled,3,199,ok,0.699599358974359,0.606447718947719,0.6666666666666666,0.5,0.5714285714285715,6
replay,product/lengthscale_r2d2,decoupled,4,50,ok,0.2519958536087568,0.4117592057065741,nan,0.0,nan,0
replay,product/lengthscale_r2d2,decoupled,4,100,ok,0.8060984848484849,0.7242063492063492,nan,0.0,nan,0
replay,product/lengthscale_r2d2,decoupled,4,199,ok,0.928409090909091,0.9381313131313131,nan,0.0,nan,0
replay,product/lengthscale_r2d2,decoupled,5,50,ok,0.20230908575238754,0.10897505911171948,0.1,0.375,0.15789473684210528,30
replay,product/lengthscale_r2d2,decoupled,5,100,ok,0.2405271731399014,0.13318380006670705,0.1111111111111111,0.125,0.11764705882352941,9
replay,product/lengthscale_r2d2,decoupled,5,199,ok,0.8506944444444444,0.569016780710329,0.8333333333333334,0.625,0.7142857142857143,6
replay,product/lengthscale_r2d2,decoupled,6,50,excluded,0.07454241646188102,0.14309203467762138,nan,0.0,nan,0
replay,product/lengthscale_r2d2,decoupled,6,100,ok,0.3743231858471088,0.3843641774891775,nan,0.0,nan,0
replay,product/lengthscale_r2d2,decoupled,6,199,ok,0.46691595441595435,0.48407738095238095,nan,0.0,nan,0
replay,product/lengthscale_r2d2,decoupled,7,50,ok,0.07576489466024053,0.08795197031366182,nan,0.0,nan,0
replay,product/lengthscale_r2d2,decoupled,7,100,ok,0.29120481392236125,0.296695158825093,nan,0.0,nan,0
replay,product/lengthscale_r2d2,decoupled,7,199,ok,0.71609477124183,0.6304409659433394,1.0,0.125,0.2222222222222222,1
replay,product/lengthscale_r2d2,decoupled,8,50,ok,0.17340368054445648,0.3545005341880342,nan,0.0,nan,0
replay,product/lengthscale_r2d2,decoupled,8,100,ok,0.7145353302611367,0.455607486151841,nan,0.0,nan,0
replay,product/lengthscale_r2d2,decoupled,8,199,ok,0.7979166666666666,0.7417166167166166,1.0,0.5,0.6666666666666666,4
replay,product/lengthscale_r2d2,decoupled,9,50,ok,0.18073425906663892,0.27870936933436935,nan,0.0,nan,0
replay,product/lengthscale_r2d2,decoupled,9,100,ok,0.5442056231439794,0.3642250233426704,nan,0.0,nan,0
replay,product/lengthscale_r2d2,decoupled,9,199,ok,0.8545080532212885,0.7713789682539682,0.8571428571428571,0.75,0.7999999999999999,7
replay,product/lengthscale_r2d2,interaction_g0.00,0,50,ok,0.4349253731343284,0.3494984690106641,nan,0.0,nan,0
replay,product/lengthscale_r2d2,interaction_g0.00,0,100,ok,1.0,1.0,1.0,0.2,0.33333333333333337,1
replay,product/lengthscale_r2d2,interaction_g0.00,0,199,ok,1.0,1.0,1.0,0.8,0.888888888888889,4
replay,product/lengthscale_r2d2,interaction_g0.00,1,50,ok,0.32707987149662127,0.4594910700173858,nan,0.0,nan,0
replay,product/lengthscale_r2d2,interaction_g0.00,1,100,ok,0.4235897435897436,0.5626373626373626,nan,0.0,nan,0
replay,product/lengthscale_r2d2,interaction_g0.00,1,199,ok,1.0,1.0,1.0,0.6,0.7499999999999999,3
replay,product/lengthscale_r2d2,interaction_g0.00,2,50,ok,0.4734006734006734,0.3597619047619047,nan,0.0,nan,0
replay,product/lengthscale_r2d2,interaction_g0.00,2,100,ok,1.0,1.0,nan,0.0,nan,0
replay,product/lengthscale_r2d2,interaction_g0.00,2,199,ok,1.0,1.0,1.0,0.8,0.888888888888889,4
replay,product/lengthscale_r2d2,interaction_g0.00,3,50,ok,0.26483658008658006,0.08954747000521648,0.3333333333333333,0.2,0.25,3
replay,product/lengthscale_r2d2,interaction_g0.00,3,100,ok,0.67,0.3287414965986394,1.0,0.4,0.5714285714285715,2
replay,product/lengthscale_r2d2,interaction_g0.00,3,199,ok,0.890909090909091,0.9,1.0,0.4,0.5714285714285715,2
replay,product/lengthscale_r2d2,interaction_g0.00,4,50,ok,0.10898160750653858,0.08856370579774835,nan,0.0,nan,0
replay,product/lengthscale_r2d2,interaction_g0.00,4,100,ok,0.7445887445887445,0.4810457516339869,1.0,0.2,0.33333333333333337,1
replay,product/lengthscale_r2d2,interaction_g0.00,4,199,ok,1.0,0.9666666666666666,1.0,0.8,0.888888888888889,4
replay,product/lengthscale_r2d2,interaction_g0.00,5,50,ok,0.33115589198036005,0.18139097744360902,nan,0.0,nan,0
replay,product/lengthscale_r2d2,interaction_g0.00,5,100,ok,0.6941798941798941,0.650250626566416,1.0,0.6,0.7499999999999999,3
replay,product/lengthscale_r2d2,interaction_g0.00,5,199,ok,1.0,1.0,1.0,1.0,1.0,5
replay,product/lengthscale_r2d2,interaction_g0.00,6,50,ok,0.740909090909091,0.8766666666666666,nan,0.0,nan,0
replay,product/lengthscale_r2d2,interaction_g0.00,6,100,ok,1.0,1.0,1.0,0.4,0.5714285714285715,2
replay,product/lengthscale_r2d2,interaction_g0.00,6,199,ok,1.0,1.0,1.0,1.0,1.0,5
replay,product/lengthscale_r2d2,interaction_g0.00,7,50,ok,0.4260356774288662,0.23366981439270593,nan,0.0,nan,0
replay,product/lengthscale_r2d2,interaction_g0.00,7,100,ok,0.7976190476190477,0.885,1.0,0.6,0.7499999999999999,3
replay,product/lengthscale_r2d2,interaction_g0.00,7,199,ok,1.0,1.0,1.0,1.0,1.0,5
replay,product/lengthscale_r2d2,interaction_g0.00,8,50,ok,0.5052685421994886,0.5085034013605443,nan,0.0,nan,0
replay,product/lengthscale_r2d2,interaction_g0.00,8,100,ok,0.6326984126984126,0.6454545454545455,nan,0.0,nan,0
replay,product/lengthscale_r2d2,interaction_g0.00,8,199,ok,0.9028571428571428,0.9428571428571428,nan,0.0,nan,0
replay,product/lengthscale_r2d2,interaction_g0.00,9,50,ok,0.1877551020408163,0.2564269064269064,nan,0.0,nan,0
replay,product/lengthscale_r2d2,interaction_g0.00,9,100,ok,0.7037414965986394,0.7075757575757575,nan,0.0,nan,0
replay,product/lengthscale_r2d2,interaction_g0.00,9,199,ok,1.0,1.0,1.0,1.0,1.0,5
replay,product/lengthscale_r2d2,interaction_g0.25,0,50,ok,0.26376228846637295,0.2348484848484848,nan,0.0,nan,0
replay,product/lengthscale_r2d2,interaction_g0.25,0,100,ok,0.540194572452637,0.5787301587301588,0.5,0.2,0.28571428571428575,2
replay,product/lengthscale_r2d2,interaction_g0.25,0,199,ok,1.0,1.0,1.0,0.8,0.888888888888889,4
replay,product/lengthscale_r2d2,interaction_g0.25,1,50,ok,0.362,0.41989898989898994,nan,0.0,nan,0
replay,product/lengthscale_r2d2,interaction_g0.25,1,100,ok,0.8555555555555555,0.8294117647058823,1.0,0.2,0.33333333333333337,1
replay,product/lengthscale_r2d2,interaction_g0.25,1,199,ok,1.0,1.0,1.0,1.0,1.0,5
replay,product/lengthscale_r2d2,interaction_g0.25,2,50,ok,0.2701704545454546,0.3497826086956522,nan,0.0,nan,0
replay,product/lengthscale_r2d2,interaction_g0.25,2,100,ok,1.0,1.0,nan,0.0,nan,0
replay,product/lengthscale_r2d2,interaction_g0.25,2,199,ok,1.0,1.0,1.0,0.6,0.7499999999999999,3
replay,product/lengthscale_r2d2,interaction_g0.25,3,50,ok,0.3277183333787107,0.24116897294956247,1.0,0.2,0.33333333333333337,1
replay,product/lengthscale_r2d2,interaction_g0.25,3,100,ok,0.3807518796992481,0.3868398268398269,1.0,0.2,0.33333333333333337,1
replay,product/lengthscale_r2d2,interaction_g0.25,3,199,ok,1.0,1.0,1.0,1.0,1.0,5
replay,product/lengthscale_r2d2,interaction_g0.25,4,50,ok,0.07484866011181801,0.07022516600937068,nan,0.0,nan,0
replay,product/lengthscale_r2d2,interaction_g0.25,4,100,ok,0.672408293460925,0.4840958605664488,1.0,0.2,0.33333333333333337,1
replay,product/lengthscale_r2d2,interaction_g0.25,4,199,ok,1.0,0.9266666666666665,1.0,0.8,0.888888888888889,4
replay,product/lengthscale_r2d2,interaction_g0.25,5,50,ok,0.11086336218200891,0.384408720009743,nan,0.0,nan,0
replay,product/lengthscale_r2d2,interaction_g0.25,5,100,ok,1.0,0.8344827586206897,nan,0.0,nan,0
replay,product/lengthscale_r2d2,interaction_g0.25,5,199,ok,1.0,1.0,1.0,1.0,1.0,5
replay,product/lengthscale_r2d2,interaction_g0.25,6,50,ok,0.19267131242740998,0.5767857142857142,nan,0.0,nan,0
replay,product/lengthscale_r2d2,interaction_g0.25,6,100,ok,0.925,1.0,1.0,0.6,0.7499999999999999,3
replay,product/lengthscale_r2d2,interaction_g0.25,6,199,ok,1.0,1.0,1.0,1.0,1.0,5
replay,product/lengthscale_r2d2,interaction_g0.25,7,50,ok,0.4880428432327166,0.7289915966386553,1.0,0.4,0.5714285714285715,2
replay,product/lengthscale_r2d2,interaction_g0.25,7,100,ok,0.6811111111111111,0.8333333333333334,0.6666666666666666,0.4,0.5,3
replay,product/lengthscale_r2d2,interaction_g0.25,7,199,ok,1.0,1.0,1.0,0.8,0.888888888888889,4
replay,product/lengthscale_r2d2,interaction_g0.25,8,50,ok,0.32946360153256704,0.16311398354876616,nan,0.0,nan,0
replay,product/lengthscale_r2d2,interaction_g0.25,8,100,ok,0.5412698412698413,0.7116666666666667,1.0,0.2,0.33333333333333337,1
replay,product/lengthscale_r2d2,interaction_g0.25,8,199,ok,1.0,1.0,1.0,0.8,0.888888888888889,4
replay,product/lengthscale_r2d2,interaction_g0.25,9,50,ok,0.08977524701541517,0.12389911586687348,nan,0.0,nan,0
replay,product/lengthscale_r2d2,interaction_g0.25,9,100,ok,0.925,0.6755555555555557,1.0,0.6,0.7499999999999999,3
replay,product/lengthscale_r2d2,interaction_g0.25,9,199,ok,1.0,1.0,1.0,1.0,1.0,5
replay,product/lengthscale_r2d2,interaction_g0.50,0,50,ok,0.0524830626496112,0.11296632385561604,nan,0.0,nan,0
replay,product/lengthscale_r2d2,interaction_g0.50,0,100,ok,0.5081027667984189,0.5199999999999999,1.0,0.4,0.5714285714285715,2
replay,product/lengthscale_r2d2,interaction_g0.50,0,199,ok,1.0,1.0,1.0,1.0,1.0,5
replay,product/lengthscale_r2d2,interaction_g0.50,1,50,ok,0.26133181902822855,0.1787871974572742,nan,0.0,nan,0
replay,product/lengthscale_r2d2,interaction_g0.50,1,100,ok,0.7433333333333334,0.8,1.0,0.4,0.5714285714285715,2
replay,product/lengthscale_r2d2,interaction_g0.50,1,199,ok,0.9666666666666666,1.0,0.8,0.8,0.8000000000000002,5
replay,product/lengthscale_r2d2,interaction_g0.50,2,50,ok,0.1961453737294506,0.3052360053739364,nan,0.0,nan,0
replay,product/lengthscale_r2d2,interaction_g0.50,2,100,ok,1.0,0.9666666666666666,1.0,0.2,0.33333333333333337,1
replay,product/lengthscale_r2d2,interaction_g0.50,2,199,ok,1.0,1.0,1.0,0.6,0.7499999999999999,3
replay,product/lengthscale_r2d2,interaction_g0.50,3,50,ok,0.1339000748986916,0.06715637065637066,nan,0.0,nan,0
replay,product/lengthscale_r2d2,interaction_g0.50,3,100,ok,0.7933333333333333,0.3389355742296919,1.0,0.2,0.33333333333333337,1
replay,product/lengthscale_r2d2,interaction_g0.50,3,199,ok,1.0,1.0,1.0,1.0,1.0,5
replay,product/lengthscale_r2d2,interaction_g0.50,4,50,ok,0.07655100174087516,0.05433098423413193,nan,0.0,nan,0
replay,product/lengthscale_r2d2,interaction_g0.50,4,100,ok,0.7611111111111111,0.45067669172932334,0.6666666666666666,0.4,0.5,3
replay,product/lengthscale_r2d2,interaction_g0.50,4,199,ok,0.9666666666666666,0.8766666666666666,1.0,0.8,0.888888888888889,4
replay,product/lengthscale_r2d2,interaction_g0.50,5,50,ok,0.10848923959827834,0.3909438470728793,nan,0.0,nan,0
replay,product/lengthscale_r2d2,interaction_g0.50,5,100,ok,0.7413127413127413,0.7717948717948718,nan,0.0,nan,0
replay,product/lengthscale_r2d2,interaction_g0.50,5,199,ok,0.71,0.8583333333333332,0.8333333333333334,1.0,0.9090909090909091,6
replay,product/lengthscale_r2d2,interaction_g0.50,6,50,ok,0.4473066169617894,0.22523809523809524,nan,0.0,nan,0
replay,product/lengthscale_r2d2,interaction_g0.50,6,100,ok,0.42906832298136643,0.3325174825174825,nan,0.0,nan,0
replay,product/lengthscale_r2d2,interaction_g0.50,6,199,ok,1.0,1.0,1.0,0.8,0.888888888888889,4
replay,product/lengthscale_r2d2,interaction_g0.50,7,50,ok,0.28501188354129525,0.07991236573732986,nan,0.0,nan,0
replay,product/lengthscale_r2d2,interaction_g0.50,7,100,ok,0.7766666666666666,0.8222222222222222,1.0,0.6,0.7499999999999999,3
replay,product/lengthscale_r2d2,interaction_g0.50,7,199,ok,1.0,1.0,1.0,0.8,0.888888888888889,4
replay,product/lengthscale_r2d2,interaction_g0.50,8,50,ok,0.054683129124456074,0.10169881067180972,0.0625,0.2,0.09523809523809523,16
replay,product/lengthscale_r2d2,interaction_g0.50,8,100,ok,0.1818804483188045,0.3746512746512747,nan,0.0,nan,0
replay,product/lengthscale_r2d2,interaction_g0.50,8,199,ok,0.8833333333333334,0.876923076923077,1.0,0.8,0.888888888888889,4
replay,product/lengthscale_r2d2,interaction_g0.50,9,50,ok,0.24182886309987986,0.05548361548361548,0.0,0.0,0.0,1
replay,product/lengthscale_r2d2,interaction_g0.50,9,100,ok,0.6854545454545454,0.560204081632653,1.0,0.6,0.7499999999999999,3
replay,product/lengthscale_r2d2,interaction_g0.50,9,199,ok,1.0,0.4385144065556436,1.0,1.0,1.0,5
replay,product/lengthscale_r2d2,interaction_g0.75,0,50,ok,0.18003483870491543,0.3762674300489427,0.16666666666666666,0.2,0.1818181818181818,6
replay,product/lengthscale_r2d2,interaction_g0.75,0,100,ok,0.2967854840195266,0.31549613888866795,1.0,0.2,0.33333333333333337,1
replay,product/lengthscale_r2d2,interaction_g0.75,0,199,ok,1.0,1.0,1.0,1.0,1.0,5
replay,product/lengthscale_r2d2,interaction_g0.75,1,50,ok,0.08407940629015258,0.12400990454832958,nan,0.0,nan,0
replay,product/lengthscale_r2d2,interaction_g0.75,1,100,ok,0.5476190476190477,0.5627609427609428,1.0,0.2,0.33333333333333337,1
replay,product/lengthscale_r2d2,interaction_g0.75,1,199,excluded,0.890909090909091,0.8102564102564103,0.8,0.8,0.8000000000000002,5
replay,product/lengthscale_r2d2,interaction_g0.75,2,50,ok,0.3338012422360248,0.47220408163265304,nan,0.0,nan,0
replay,product/lengthscale_r2d2,interaction_g0.75,2,100,ok,0.890909090909091,0.7666666666666667,1.0,0.6,0.7499999999999999,3
replay,product/lengthscale_r2d2,interaction_g0.75,2,199,ok,1.0,1.0,1.0,1.0,1.0,5
replay,product/lengthscale_r2d2,interaction_g0.75,3,50,ok,0.3881609195402299,0.099503663003663,nan,0.0,nan,0
replay,product/lengthscale_r2d2,interaction_g0.75,3,100,ok,0.6626838235294118,0.5787719298245614,0.75,0.6,0.6666666666666665,4
replay,product/lengthscale_r2d2,interaction_g0.75,3,199,ok,0.9666666666666666,0.9428571428571428,1.0,0.8,0.888888888888889,4
replay,product/lengthscale_r2d2,interaction_g0.75,4,50,ok,0.07717929528274356,0.06089870274652883,0.0,0.0,0.0,1
replay,product/lengthscale_r2d2,interaction_g0.75,4,100,ok,0.28313737912016246,0.19896009787314134,nan,0.0,nan,0
replay,product/lengthscale_r2d2,interaction_g0.75,4,199,ok,0.9428571428571428,1.0,1.0,0.8,0.888888888888889,4
replay,product/lengthscale_r2d2,interaction_g0.75,5,50,ok,0.06165440676474587,0.06235953113302737,nan,0.0,nan,0
replay,product/lengthscale_r2d2,interaction_g0.75,5,100,ok,0.4956043956043956,0.5808367071524966,1.0,0.2,0.33333333333333337,1
replay,product/lengthscale_r2d2,interaction_g0.75,5,199,ok,1.0,1.0,1.0,0.8,0.888888888888889,4
replay,product/lengthscale_r2d2,interaction_g0.75,6,50,ok,0.3748518620859046,0.20415329768270946,nan,0.0,nan,0
replay,product/lengthscale_r2d2,interaction_g0.75,6,100,ok,0.4094909688013136,0.5922222222222222,0.6666666666666666,0.4,0.5,3
replay,product/lengthscale_r2d2,interaction_g0.75,6,199,ok,0.9428571428571428,0.9266666666666665,1.0,0.8,0.888888888888889,4
replay,product/lengthscale_r2d2,interaction_g0.75,7,50,ok,0.0713600159299084,0.10959396230510113,0.09090909090909091,0.2,0.12500000000000003,11
replay,product/lengthscale_r2d2,interaction_g0.75,7,100,ok,0.4389140271493213,0.30198412698412697,1.0,0.2,0.33333333333333337,1
replay,product/lengthscale_r2d2,interaction_g0.75,7,199,ok,1.0,0.9666666666666666,0.8333333333333334,1.0,0.9090909090909091,6
replay,product/lengthscale_r2d2,interaction_g0.75,8,50,ok,0.1351543918186826,0.15583333333333332,0.0,0.0,0.0,1
replay,product/lengthscale_r2d2,interaction_g0.75,8,100,ok,0.054865747122260486,0.06911019682225764,nan,0.0,nan,0
replay,product/lengthscale_r2d2,interaction_g0.75,8,199,ok,0.9428571428571428,0.6988888888888889,1.0,0.8,0.888888888888889,4
replay,product/lengthscale_r2d2,interaction_g0.75,9,50,ok,0.3436771830320217,0.12640770523828998,1.0,0.2,0.33333333333333337,1
replay,product/lengthscale_r2d2,interaction_g0.75,9,100,ok,0.582027027027027,0.29343434343434344,1.0,0.4,0.5714285714285715,2
replay,product/lengthscale_r2d2,interaction_g0.75,9,199,ok,1.0,0.6766666666666665,1.0,0.8,0.888888888888889,4
stored,additive/amplitude,aligned10,0,50,excluded,0.33982239516895024,0.3717303680092727,nan,0.0,nan,0
stored,additive/amplitude,aligned10,0,100,excluded,0.5483243496305295,0.5854833778043497,1.0,0.2,0.33333333333333337,2
stored,additive/amplitude,aligned10,0,199,excluded,0.8038524238524237,0.7961111111111111,1.0,0.2,0.33333333333333337,2
stored,additive/amplitude,aligned10,1,50,excluded,0.2352664137503495,0.23245573348161025,nan,0.0,nan,0
stored,additive/amplitude,aligned10,1,100,excluded,0.7707115220670209,0.8265384615384616,1.0,0.4,0.5714285714285715,4
stored,additive/amplitude,aligned10,1,199,excluded,1.0,1.0,1.0,0.5,0.6666666666666666,5
stored,additive/amplitude,aligned10,2,50,excluded,0.20546383809011962,0.2518842560947824,0.0,0.0,0.0,1
stored,additive/amplitude,aligned10,2,100,excluded,0.14838853461261237,0.19179236702345764,0.5,0.1,0.16666666666666669,2
stored,additive/amplitude,aligned10,2,199,excluded,0.990909090909091,0.990909090909091,1.0,0.6,0.7499999999999999,6
stored,additive/amplitude,aligned10,3,50,excluded,0.35749875813278353,0.335569991118157,1.0,0.1,0.18181818181818182,1
stored,additive/amplitude,aligned10,3,100,excluded,0.7734567901234568,0.832396076146076,1.0,0.2,0.33333333333333337,2
stored,additive/amplitude,aligned10,3,199,excluded,0.6718586093857832,0.7196031746031746,0.8,0.4,0.5333333333333333,5
stored,additive/amplitude,aligned10,4,50,excluded,0.3796408362101677,0.4744448787927049,nan,0.0,nan,0
stored,additive/amplitude,aligned10,4,100,excluded,0.5027759791370586,0.5449095132121509,1.0,0.3,0.4615384615384615,3
stored,additive/amplitude,aligned10,4,199,excluded,0.9809090909090908,0.990909090909091,1.0,0.5,0.6666666666666666,5
stored,additive/amplitude,aligned10,5,50,excluded,0.5126825127334464,0.5914113831876989,nan,0.0,nan,0
stored,additive/amplitude,aligned10,5,100,excluded,0.6903969832247114,0.8067440711462451,1.0,0.2,0.33333333333333337,2
stored,additive/amplitude,aligned10,5,199,excluded,1.0,1.0,1.0,0.6,0.7499999999999999,6
stored,additive/amplitude,aligned10,6,50,excluded,0.4839183006535948,0.5346754992319508,1.0,0.2,0.33333333333333337,2
stored,additive/amplitude,aligned10,6,100,excluded,0.48452212029690767,0.5776388888888888,1.0,0.4,0.5714285714285715,4
stored,additive/amplitude,aligned10,6,199,excluded,0.9142857142857143,0.9212765957446809,1.0,0.4,0.5714285714285715,4
stored,additive/amplitude,aligned10,7,50,excluded,0.40624378236450687,0.5084242449925135,1.0,0.1,0.18181818181818182,1
stored,additive/amplitude,aligned10,7,100,excluded,0.7486928104575163,0.7943638583638584,1.0,0.2,0.33333333333333337,2
stored,additive/amplitude,aligned10,7,199,excluded,1.0,1.0,1.0,0.7,0.8235294117647058,7
stored,additive/amplitude,aligned10,8,50,excluded,0.3609903908455593,0.4909258502256746,nan,0.0,nan,0
stored,additive/amplitude,aligned10,8,100,excluded,0.7824285714285714,0.9094827586206897,nan,0.0,nan,0
stored,additive/amplitude,aligned10,8,199,excluded,0.9023504273504273,0.9387412587412587,1.0,0.4,0.5714285714285715,4
stored,additive/amplitude,aligned10,9,50,excluded,0.4547504430533883,0.4419032651745418,1.0,0.1,0.18181818181818182,1
stored,additive/amplitude,aligned10,9,100,excluded,0.5583080554697952,0.5703121586547615,1.0,0.3,0.4615384615384615,3
stored,additive/amplitude,aligned10,9,199,excluded,1.0,1.0,1.0,0.8,0.888888888888889,8
stored,additive/amplitude,aligned3,0,50,excluded,1.0,1.0,1.0,1.0,1.0,3
stored,additive/amplitude,aligned3,0,100,excluded,1.0,1.0,1.0,1.0,1.0,3
stored,additive/amplitude,aligned3,0,199,excluded,1.0,1.0,1.0,1.0,1.0,3
stored,additive/amplitude,aligned3,1,50,excluded,0.3448275862068966,0.44019933554817275,0.5,0.3333333333333333,0.4,2
stored,additive/amplitude,aligned3,1,100,excluded,1.0,1.0,1.0,1.0,1.0,3
stored,additive/amplitude,aligned3,1,199,excluded,1.0,1.0,1.0,1.0,1.0,3
stored,additive/amplitude,aligned3,2,50,excluded,1.0,1.0,1.0,0.6666666666666666,0.8,2
stored,additive/amplitude,aligned3,2,100,excluded,1.0,1.0,1.0,1.0,1.0,3
stored,additive/amplitude,aligned3,2,199,excluded,1.0,1.0,1.0,1.0,1.0,3
stored,additive/amplitude,aligned3,3,50,excluded,1.0,1.0,1.0,1.0,1.0,3
stored,additive/amplitude,aligned3,3,100,excluded,1.0,1.0,1.0,1.0,1.0,3
stored,additive/amplitude,aligned3,3,199,excluded,1.0,1.0,1.0,1.0,1.0,3
stored,additive/amplitude,aligned3,4,50,excluded,1.0,1.0,1.0,1.0,1.0,3
stored,additive/amplitude,aligned3,4,100,excluded,1.0,1.0,1.0,1.0,1.0,3
stored,additive/amplitude,aligned3,4,199,excluded,1.0,1.0,1.0,1.0,1.0,3
stored,additive/amplitude,aligned3,5,50,excluded,1.0,1.0,1.0,1.0,1.0,3
stored,additive/amplitude,aligned3,5,100,excluded,1.0,1.0,1.0,1.0,1.0,3
stored,additive/amplitude,aligned3,5,199,excluded,1.0,1.0,1.0,1.0,1.0,3
stored,additive/amplitude,aligned3,6,50,excluded,1.0,1.0,1.0,1.0,1.0,3
stored,additive/amplitude,aligned3,6,100,excluded,1.0,1.0,1.0,1.0,1.0,3
stored,additive/amplitude,aligned3,6,199,excluded,1.0,1.0,1.0,1.0,1.0,3
stored,additive/amplitude,aligned3,7,50,excluded,0.5670498084291188,0.40583804143126173,0.6666666666666666,0.6666666666666666,0.6666666666666666,3
stored,additive/amplitude,aligned3,7,100,excluded,1.0,1.0,1.0,1.0,1.0,3
stored,additive/amplitude,aligned3,7,199,excluded,1.0,1.0,1.0,1.0,1.0,3
stored,additive/amplitude,aligned3,8,50,excluded,0.14946236559139783,0.4412296564195299,0.3333333333333333,0.3333333333333333,0.3333333333333333,3
stored,additive/amplitude,aligned3,8,100,excluded,1.0,1.0,1.0,1.0,1.0,3
stored,additive/amplitude,aligned3,8,199,excluded,1.0,1.0,1.0,1.0,1.0,3
stored,additive/amplitude,aligned3,9,50,excluded,1.0,1.0,1.0,1.0,1.0,3
stored,additive/amplitude,aligned3,9,100,excluded,1.0,1.0,1.0,1.0,1.0,3
stored,additive/amplitude,aligned3,9,199,excluded,1.0,1.0,1.0,1.0,1.0,3
stored,additive/amplitude,anti_aligned,0,50,excluded,0.19886120823620823,0.2710978835978836,0.0,0.0,0.0,1
stored,additive/amplitude,anti_aligned,0,100,excluded,1.0,1.0,1.0,0.16666666666666666,0.2857142857142857,1
stored,additive/amplitude,anti_aligned,0,199,excluded,1.0,1.0,1.0,0.6666666666666666,0.8,4
stored,additive/amplitude,anti_aligned,1,50,excluded,0.2584778121775026,0.4150720104115217,1.0,0.16666666666666666,0.2857142857142857,1
stored,additive/amplitude,anti_aligned,1,100,excluded,0.7448107448107448,0.7861111111111111,1.0,0.5,0.6666666666666666,3
stored,additive/amplitude,anti_aligned,1,199,excluded,0.7887426900584796,0.7458333333333332,1.0,0.6666666666666666,0.8,4
stored,additive/amplitude,anti_aligned,2,50,excluded,0.7351851851851853,0.7830687830687831,1.0,0.3333333333333333,0.5,2
stored,additive/amplitude,anti_aligned,2,100,excluded,0.9583333333333334,0.8809523809523809,1.0,0.5,0.6666666666666666,3
stored,additive/amplitude,anti_aligned,2,199,excluded,1.0,1.0,1.0,0.8333333333333334,0.9090909090909091,5
stored,additive/amplitude,anti_aligned,3,50,excluded,0.3062738367658276,0.33877264710598043,1.0,0.16666666666666666,0.2857142857142857,1
stored,additive/amplitude,anti_aligned,3,100,excluded,0.9107142857142857,0.9107142857142857,1.0,0.5,0.6666666666666666,3
stored,additive/amplitude,anti_aligned,3,199,excluded,1.0,1.0,1.0,0.6666666666666666,0.8,4
stored,additive/amplitude,anti_aligned,4,50,excluded,0.5844671201814059,0.6491910866910867,1.0,0.16666666666666666,0.2857142857142857,1
stored,additive/amplitude,anti_aligned,4,100,excluded,0.7950558213716109,1.0,1.0,0.6666666666666666,0.8,4
stored,additive/amplitude,anti_aligned,4,199,excluded,1.0,1.0,1.0,0.8333333333333334,0.9090909090909091,5
stored,additive/amplitude,anti_aligned,5,50,excluded,0.3331174964450226,0.38748688358317507,1.0,0.16666666666666666,0.2857142857142857,1
stored,additive/amplitude,anti_aligned,5,100,excluded,1.0,1.0,1.0,0.8333333333333334,0.9090909090909091,5
stored,additive/amplitude,anti_aligned,5,199,excluded,1.0,1.0,1.0,0.8333333333333334,0.9090909090909091,5
stored,additive/amplitude,anti_aligned,6,50,excluded,0.13149736442419369,0.13532201405152225,nan,0.0,nan,0
stored,additive/amplitude,anti_aligned,6,100,excluded,0.9761904761904763,0.9761904761904763,1.0,0.6666666666666666,0.8,4
stored,additive/amplitude,anti_aligned,6,199,excluded,1.0,1.0,1.0,0.8333333333333334,0.9090909090909091,5
stored,additive/amplitude,anti_aligned,7,50,excluded,0.2106645043575135,0.2690231224713983,0.0,0.0,0.0,1
stored,additive/amplitude,anti_aligned,7,100,excluded,0.8888888888888888,1.0,1.0,0.8333333333333334,0.9090909090909091,5
stored,additive/amplitude,anti_aligned,7,199,excluded,1.0,1.0,1.0,0.8333333333333334,0.9090909090909091,5
stored,additive/amplitude,anti_aligned,8,50,excluded,0.21411005768989846,0.10387483592740415,nan,0.0,nan,0
stored,additive/amplitude,anti_aligned,8,100,excluded,0.8075396825396827,0.9333333333333332,1.0,0.6666666666666666,0.8,4
stored,additive/amplitude,anti_aligned,8,199,excluded,1.0,1.0,1.0,0.8333333333333334,0.9090909090909091,5
stored,additive/amplitude,anti_aligned,9,50,excluded,0.7076645264847512,0.6999354005167958,1.0,0.3333333333333333,0.5,2
stored,additive/amplitude,anti_aligned,9,100,excluded,1.0,1.0,1.0,0.8333333333333334,0.9090909090909091,5
stored,additive/amplitude,anti_aligned,9,199,excluded,1.0,1.0,1.0,0.8333333333333334,0.9090909090909091,5
stored,additive/amplitude,decoupled,0,50,excluded,0.5989602983798867,0.7645502645502645,1.0,0.25,0.4,2
stored,additive/amplitude,decoupled,0,100,excluded,0.6973809964237268,0.7928475033738192,1.0,0.25,0.4,2
stored,additive/amplitude,decoupled,0,199,excluded,0.8601190476190477,0.8875,1.0,0.375,0.5454545454545454,3
stored,additive/amplitude,decoupled,1,50,excluded,0.32414380474870585,0.43008249791144526,1.0,0.125,0.2222222222222222,1
stored,additive/amplitude,decoupled,1,100,excluded,0.5419697949109714,0.5662147266313933,0.5,0.125,0.2,2
stored,additive/amplitude,decoupled,1,199,excluded,0.8885135135135135,0.907258064516129,1.0,0.625,0.7692307692307693,5
stored,additive/amplitude,decoupled,2,50,excluded,0.3929795663554511,0.43375536768652706,1.0,0.125,0.2222222222222222,1
stored,additive/amplitude,decoupled,2,100,excluded,0.7835503053680488,0.8332509881422925,1.0,0.375,0.5454545454545454,3
stored,additive/amplitude,decoupled,2,199,excluded,0.8946078431372548,0.9338235294117647,1.0,0.5,0.6666666666666666,4
stored,additive/amplitude,decoupled,3,50,excluded,0.19041463630689615,0.32511282290694055,nan,0.0,nan,0
stored,additive/amplitude,decoupled,3,100,excluded,0.9134615384615384,0.9276315789473684,1.0,0.5,0.6666666666666666,4
stored,additive/amplitude,decoupled,3,199,excluded,1.0,1.0,1.0,0.625,0.7692307692307693,5
stored,additive/amplitude,decoupled,4,50,excluded,0.1366881421360903,0.19826411038367558,nan,0.0,nan,0
stored,additive/amplitude,decoupled,4,100,excluded,0.4229777167277167,0.5475060919164693,0.5,0.125,0.2,2
stored,additive/amplitude,decoupled,4,199,excluded,0.8878205128205128,0.9013157894736842,1.0,0.5,0.6666666666666666,4
stored,additive/amplitude,decoupled,5,50,excluded,0.4208175085276824,0.3959360095389507,1.0,0.125,0.2222222222222222,1
stored,additive/amplitude,decoupled,5,100,excluded,1.0,1.0,1.0,0.625,0.7692307692307693,5
stored,additive/amplitude,decoupled,5,199,excluded,1.0,1.0,1.0,0.75,0.8571428571428571,6
stored,additive/amplitude,decoupled,6,50,excluded,0.3690121673283969,0.42857200678374724,0.5,0.125,0.2,2
stored,additive/amplitude,decoupled,6,100,excluded,0.2652641651989127,0.3337247086049128,0.3333333333333333,0.125,0.18181818181818182,3
stored,additive/amplitude,decoupled,6,199,excluded,1.0,0.9861111111111112,1.0,0.375,0.5454545454545454,3
stored,additive/amplitude,decoupled,7,50,excluded,0.5946762709057791,0.6525109853914202,1.0,0.375,0.5454545454545454,3
stored,additive/amplitude,decoupled,7,100,excluded,0.797420634920635,0.7127192982456141,1.0,0.25,0.4,2
stored,additive/amplitude,decoupled,7,199,excluded,1.0,1.0,1.0,0.5,0.6666666666666666,4
stored,additive/amplitude,decoupled,8,50,excluded,0.3273896936396936,0.4857503607503608,nan,0.0,nan,0
stored,additive/amplitude,decoupled,8,100,excluded,0.8410397074190178,0.8883333333333333,1.0,0.25,0.4,2
stored,additive/amplitude,decoupled,8,199,excluded,0.9248511904761905,0.931795634920635,1.0,0.625,0.7692307692307693,5
stored,additive/amplitude,decoupled,9,50,excluded,0.4423028167319813,0.4079681221415501,1.0,0.25,0.4,2
stored,additive/amplitude,decoupled,9,100,excluded,0.5423749045072574,0.5987664132310851,0.6666666666666666,0.25,0.36363636363636365,3
stored,additive/amplitude,decoupled,9,199,excluded,1.0,1.0,1.0,0.5,0.6666666666666666,4
stored,additive/amplitude,interaction_g0.00,0,50,excluded,0.6787301587301587,0.7295238095238095,nan,0.0,nan,0
stored,additive/amplitude,interaction_g0.00,0,100,excluded,1.0,1.0,1.0,0.8,0.888888888888889,4
stored,additive/amplitude,interaction_g0.00,0,199,excluded,1.0,1.0,1.0,1.0,1.0,5
stored,additive/amplitude,interaction_g0.00,1,50,excluded,0.5191123188405797,0.5468270944741533,1.0,0.4,0.5714285714285715,2
stored,additive/amplitude,interaction_g0.00,1,100,excluded,1.0,1.0,1.0,0.8,0.888888888888889,4
stored,additive/amplitude,interaction_g0.00,1,199,excluded,1.0,1.0,1.0,1.0,1.0,5
stored,additive/amplitude,interaction_g0.00,2,50,excluded,0.8123456790123458,0.925,1.0,0.6,0.7499999999999999,3
stored,additive/amplitude,interaction_g0.00,2,100,excluded,1.0,1.0,1.0,0.6,0.7499999999999999,3
stored,additive/amplitude,interaction_g0.00,2,199,excluded,1.0,1.0,1.0,1.0,1.0,5
stored,additive/amplitude,interaction_g0.00,3,50,excluded,0.31102285395763657,0.4498251748251748,nan,0.0,nan,0
stored,additive/amplitude,interaction_g0.00,3,100,excluded,0.41313355530891605,0.6217948717948718,0.75,0.6,0.6666666666666665,4
stored,additive/amplitude,interaction_g0.00,3,199,excluded,1.0,1.0,1.0,1.0,1.0,5
stored,additive/amplitude,interaction_g0.00,4,50,excluded,0.3146621744073018,0.2851864980897239,0.5,0.2,0.28571428571428575,2
stored,additive/amplitude,interaction_g0.00,4,100,excluded,0.9428571428571428,0.9666666666666666,1.0,0.8,0.888888888888889,4
stored,additive/amplitude,interaction_g0.00,4,199,excluded,1.0,1.0,1.0,1.0,1.0,5
stored,additive/amplitude,interaction_g0.00,5,50,excluded,0.5310958118187034,0.5227513227513227,0.5,0.2,0.28571428571428575,2
stored,additive/amplitude,interaction_g0.00,5,100,excluded,1.0,1.0,1.0,1.0,1.0,5
stored,additive/amplitude,interaction_g0.00,5,199,excluded,1.0,1.0,1.0,1.0,1.0,5
stored,additive/amplitude,interaction_g0.00,6,50,excluded,0.925,0.9666666666666666,1.0,0.4,0.5714285714285715,2
stored,additive/amplitude,interaction_g0.00,6,100,excluded,1.0,1.0,1.0,1.0,1.0,5
stored,additive/amplitude,interaction_g0.00,6,199,excluded,1.0,1.0,1.0,1.0,1.0,5
stored,additive/amplitude,interaction_g0.00,7,50,excluded,0.5884547848990342,0.6123015873015873,0.75,0.6,0.6666666666666665,4
stored,additive/amplitude,interaction_g0.00,7,100,excluded,1.0,1.0,1.0,1.0,1.0,5
stored,additive/amplitude,interaction_g0.00,7,199,excluded,1.0,1.0,1.0,1.0,1.0,5
stored,additive/amplitude,interaction_g0.00,8,50,excluded,0.6970760233918128,0.7263157894736842,1.0,0.2,0.33333333333333337,1
stored,additive/amplitude,interaction_g0.00,8,100,excluded,0.505758661887694,0.5762055335968379,1.0,0.4,0.5714285714285715,2
stored,additive/amplitude,interaction_g0.00,8,199,excluded,1.0,1.0,1.0,1.0,1.0,5
stored,additive/amplitude,interaction_g0.00,9,50,excluded,0.6514474772539288,0.7115384615384615,1.0,0.2,0.33333333333333337,1
stored,additive/amplitude,interaction_g0.00,9,100,excluded,1.0,1.0,1.0,0.6,0.7499999999999999,3
stored,additive/amplitude,interaction_g0.00,9,199,excluded,1.0,1.0,1.0,1.0,1.0,5
stored,additive/amplitude,interaction_g0.25,0,50,excluded,0.32318309709614057,0.5105555555555557,1.0,0.2,0.33333333333333337,1
stored,additive/amplitude,interaction_g0.25,0,100,excluded,0.7448275862068965,0.6887878787878787,0.75,0.6,0.6666666666666665,4
stored,additive/amplitude,interaction_g0.25,0,199,excluded,0.9666666666666666,0.9666666666666666,1.0,0.8,0.888888888888889,4
stored,additive/amplitude,interaction_g0.25,1,50,excluded,0.328085827216262,0.4149350649350649,1.0,0.2,0.33333333333333337,1
stored,additive/amplitude,interaction_g0.25,1,100,excluded,1.0,1.0,1.0,0.8,0.888888888888889,4
stored,additive/amplitude,interaction_g0.25,1,199,excluded,0.8766666666666666,0.8766666666666666,0.8333333333333334,1.0,0.9090909090909091,6
stored,additive/amplitude,interaction_g0.25,2,50,excluded,0.3655486542443064,0.3992982456140351,0.0,0.0,0.0,1
stored,additive/amplitude,interaction_g0.25,2,100,excluded,0.11454930429522081,0.11413176033934254,0.0,0.0,0.0,1
stored,additive/amplitude,interaction_g0.25,2,199,excluded,0.71,0.71,0.8,0.8,0.8000000000000002,5
stored,additive/amplitude,interaction_g0.25,3,50,excluded,0.08085776116466654,0.15582002366163855,0.0,0.0,0.0,1
stored,additive/amplitude,interaction_g0.25,3,100,excluded,0.3971929824561403,0.4242504409171076,0.5,0.2,0.28571428571428575,2
stored,additive/amplitude,interaction_g0.25,3,199,excluded,0.9666666666666666,1.0,1.0,0.8,0.888888888888889,4
stored,additive/amplitude,interaction_g0.25,4,50,excluded,0.10316849816849818,0.09888601383857551,0.0,0.0,0.0,1
stored,additive/amplitude,interaction_g0.25,4,100,excluded,0.5131313131313131,0.47297619047619044,0.5,0.2,0.28571428571428575,2
stored,additive/amplitude,interaction_g0.25,4,199,excluded,1.0,1.0,1.0,1.0,1.0,5
stored,additive/amplitude,interaction_g0.25,5,50,excluded,0.1785373849676172,0.24759714795008914,nan,0.0,nan,0
stored,additive/amplitude,interaction_g0.25,5,100,excluded,0.71,0.7595238095238095,0.75,0.6,0.6666666666666665,4
stored,additive/amplitude,interaction_g0.25,5,199,excluded,0.8099999999999999,1.0,0.8,0.8,0.8000000000000002,5
stored,additive/amplitude,interaction_g0.25,6,50,excluded,0.22138540704578444,0.31306010928961747,0.5,0.2,0.28571428571428575,2
stored,additive/amplitude,interaction_g0.25,6,100,excluded,0.34538152610441764,0.3604631927212572,0.5,0.4,0.4444444444444445,4
stored,additive/amplitude,interaction_g0.25,6,199,excluded,0.71,0.8766666666666666,0.8333333333333334,1.0,0.9090909090909091,6
stored,additive/amplitude,interaction_g0.25,7,50,excluded,1.0,1.0,1.0,0.4,0.5714285714285715,2
stored,additive/amplitude,interaction_g0.25,7,100,excluded,0.8116279069767443,0.837037037037037,1.0,0.6,0.7499999999999999,3
stored,additive/amplitude,interaction_g0.25,7,199,excluded,1.0,1.0,1.0,1.0,1.0,5
stored,additive/amplitude,interaction_g0.25,8,50,excluded,0.3419411864694884,0.4671052631578947,1.0,0.2,0.33333333333333337,1
stored,additive/amplitude,interaction_g0.25,8,100,excluded,0.5553921568627451,0.46333333333333326,0.75,0.6,0.6666666666666665,4
stored,additive/amplitude,interaction_g0.25,8,199,excluded,1.0,1.0,1.0,1.0,1.0,5
stored,additive/amplitude,interaction_g0.25,9,50,excluded,0.16512745277828716,0.18178210678210677,0.0,0.0,0.0,1
stored,additive/amplitude,interaction_g0.25,9,100,excluded,0.39787114845938376,0.5152272727272728,0.5,0.2,0.28571428571428575,2
stored,additive/amplitude,interaction_g0.25,9,199,excluded,0.8766666666666666,0.9666666666666666,0.8333333333333334,1.0,0.9090909090909091,6
stored,additive/amplitude,interaction_g0.50,0,50,excluded,0.462111801242236,0.38293183940242764,0.5,0.2,0.28571428571428575,2
stored,additive/amplitude,interaction_g0.50,0,100,excluded,0.43389355742296926,0.4055345911949685,0.3333333333333333,0.2,0.25,3
stored,additive/amplitude,interaction_g0.50,0,199,excluded,0.71,0.71,0.8333333333333334,1.0,0.9090909090909091,6
stored,additive/amplitude,interaction_g0.50,1,50,excluded,0.10526176526176526,0.25107843137254904,nan,0.0,nan,0
stored,additive/amplitude,interaction_g0.50,1,100,excluded,0.5599999999999999,0.516969696969697,0.8,0.8,0.8000000000000002,5
stored,additive/amplitude,interaction_g0.50,1,199,excluded,0.8099999999999999,0.8766666666666666,0.8,0.8,0.8000000000000002,5
stored,additive/amplitude,interaction_g0.50,2,50,excluded,0.1356029094505982,0.17333730868614589,0.0,0.0,0.0,1
stored,additive/amplitude,interaction_g0.50,2,100,excluded,0.5572222222222222,0.632051282051282,0.6666666666666666,0.4,0.5,3
stored,additive/amplitude,interaction_g0.50,2,199,excluded,1.0,1.0,1.0,0.8,0.888888888888889,4
stored,additive/amplitude,interaction_g0.50,3,50,excluded,0.08661366601435094,0.1737151737151737,0.0,0.0,0.0,1
stored,additive/amplitude,interaction_g0.50,3,100,excluded,0.71,0.8766666666666666,0.8,0.8,0.8000000000000002,5
stored,additive/amplitude,interaction_g0.50,3,199,excluded,1.0,1.0,1.0,0.8,0.888888888888889,4
stored,additive/amplitude,interaction_g0.50,4,50,excluded,0.23948717948717949,0.38653846153846155,0.5,0.2,0.28571428571428575,2
stored,additive/amplitude,interaction_g0.50,4,100,excluded,0.8083333333333332,0.8761904761904763,0.75,0.6,0.6666666666666665,4
stored,additive/amplitude,interaction_g0.50,4,199,excluded,0.8766666666666666,0.8766666666666666,0.8,0.8,0.8000000000000002,5
stored,additive/amplitude,interaction_g0.50,5,50,excluded,0.10914141889751645,0.22404791357413822,0.0,0.0,0.0,1
stored,additive/amplitude,interaction_g0.50,5,100,excluded,0.65,0.6880952380952381,0.75,0.6,0.6666666666666665,4
stored,additive/amplitude,interaction_g0.50,5,199,excluded,0.8099999999999999,0.9266666666666665,0.8,0.8,0.8000000000000002,5
stored,additive/amplitude,interaction_g0.50,6,50,excluded,0.26529100529100524,0.2737769187859932,1.0,0.2,0.33333333333333337,1
stored,additive/amplitude,interaction_g0.50,6,100,excluded,1.0,1.0,1.0,0.8,0.888888888888889,4
stored,additive/amplitude,interaction_g0.50,6,199,excluded,0.4888888888888888,0.6716666666666666,0.75,0.6,0.6666666666666665,4
stored,additive/amplitude,interaction_g0.50,7,50,excluded,0.49505226480836245,0.6322916666666666,1.0,0.2,0.33333333333333337,1
stored,additive/amplitude,interaction_g0.50,7,100,excluded,0.8099999999999999,0.9266666666666665,0.8333333333333334,1.0,0.9090909090909091,6
stored,additive/amplitude,interaction_g0.50,7,199,excluded,0.8766666666666666,0.8766666666666666,0.8333333333333334,1.0,0.9090909090909091,6
stored,additive/amplitude,interaction_g0.50,8,50,excluded,0.3957267759562842,0.36167654808959154,1.0,0.2,0.33333333333333337,1
stored,additive/amplitude,interaction_g0.50,8,100,excluded,0.7055555555555555,0.605072463768116,0.75,0.6,0.6666666666666665,4
stored,additive/amplitude,interaction_g0.50,8,199,excluded,0.71,0.8099999999999999,0.8,0.8,0.8000000000000002,5
stored,additive/amplitude,interaction_g0.50,9,50,excluded,0.17591806567416324,0.17586792452830186,0.0,0.0,0.0,1
stored,additive/amplitude,interaction_g0.50,9,100,excluded,0.28550550950431103,0.4691239316239316,0.5,0.4,0.4444444444444445,4
stored,additive/amplitude,interaction_g0.50,9,199,excluded,0.6469439421338155,0.6819047619047619,0.6,0.6,0.6,5
stored,additive/amplitude,interaction_g0.75,0,50,excluded,0.37457431457431456,0.6287549407114625,nan,0.0,nan,0
stored,additive/amplitude,interaction_g0.75,0,100,excluded,0.2984199134199134,0.33203901361796095,0.3333333333333333,0.2,0.25,3
stored,additive/amplitude,interaction_g0.75,0,199,excluded,0.8099999999999999,1.0,0.8,0.8,0.8000000000000002,5
stored,additive/amplitude,interaction_g0.75,1,50,excluded,0.17036225460111076,0.4549077326473062,nan,0.0,nan,0
stored,additive/amplitude,interaction_g0.75,1,100,excluded,0.5287878787878787,0.7111888111888113,0.75,0.6,0.6666666666666665,4
stored,additive/amplitude,interaction_g0.75,1,199,excluded,1.0,1.0,1.0,0.8,0.888888888888889,4
stored,additive/amplitude,interaction_g0.75,2,50,excluded,0.08964016375781082,0.1312566844919786,nan,0.0,nan,0
stored,additive/amplitude,interaction_g0.75,2,100,excluded,0.8833333333333334,1.0,1.0,0.6,0.7499999999999999,3
stored,additive/amplitude,interaction_g0.75,2,199,excluded,0.6961904761904762,0.6595238095238095,0.6666666666666666,0.8,0.7272727272727272,6
stored,additive/amplitude,interaction_g0.75,3,50,excluded,0.42662057044079515,0.4723242147922999,1.0,0.2,0.33333333333333337,1
stored,additive/amplitude,interaction_g0.75,3,100,excluded,0.585,0.8766666666666666,0.8,0.8,0.8000000000000002,5
stored,additive/amplitude,interaction_g0.75,3,199,excluded,0.71,0.9666666666666666,0.8,0.8,0.8000000000000002,5
stored,additive/amplitude,interaction_g0.75,4,50,excluded,0.12478937728937729,0.2834343434343434,0.0,0.0,0.0,1
stored,additive/amplitude,interaction_g0.75,4,100,excluded,0.8400000000000001,0.925,1.0,0.8,0.888888888888889,4
stored,additive/amplitude,interaction_g0.75,4,199,excluded,0.71,0.9666666666666666,0.8,0.8,0.8000000000000002,5
stored,additive/amplitude,interaction_g0.75,5,50,excluded,0.10617452465728328,0.09400621932486605,0.0,0.0,0.0,1
stored,additive/amplitude,interaction_g0.75,5,100,excluded,0.12363970588235293,0.11232147991161275,0.0,0.0,0.0,3
stored,additive/amplitude,interaction_g0.75,5,199,excluded,0.7544444444444445,0.71,0.8,0.8,0.8000000000000002,5
stored,additive/amplitude,interaction_g0.75,6,50,excluded,0.294650364237348,0.28432608695652173,0.5,0.2,0.28571428571428575,2
stored,additive/amplitude,interaction_g0.75,6,100,excluded,0.602156862745098,0.5727450980392156,0.75,0.6,0.6666666666666665,4
stored,additive/amplitude,interaction_g0.75,6,199,excluded,1.0,1.0,1.0,0.8,0.888888888888889,4
stored,additive/amplitude,interaction_g0.75,7,50,excluded,0.1649915611814346,0.12297400764858213,0.0,0.0,0.0,1
stored,additive/amplitude,interaction_g0.75,7,100,excluded,0.7537414965986394,0.7783333333333333,0.75,0.6,0.6666666666666665,4
stored,additive/amplitude,interaction_g0.75,7,199,excluded,0.71,1.0,0.8,0.8,0.8000000000000002,5
stored,additive/amplitude,interaction_g0.75,8,50,excluded,0.3655982905982906,0.2880610021786493,0.3333333333333333,0.2,0.25,3
stored,additive/amplitude,interaction_g0.75,8,100,excluded,0.8766666666666666,0.8766666666666666,0.75,0.6,0.6666666666666665,4
stored,additive/amplitude,interaction_g0.75,8,199,excluded,0.71,1.0,0.8,0.8,0.8000000000000002,5
stored,additive/amplitude,interaction_g0.75,9,50,excluded,0.14509379509379508,0.20396825396825397,nan,0.0,nan,0
stored,additive/amplitude,interaction_g0.75,9,100,excluded,0.0814782127984375,0.24445221445221446,nan,0.0,nan,0
stored,additive/amplitude,interaction_g0.75,9,199,excluded,0.4322824858757063,0.5352380952380953,0.6666666666666666,0.4,0.5,3
stored,additive/lengthscale,aligned10,0,50,excluded,0.3644270495283017,0.4436351919037224,1.0,0.1,0.18181818181818182,1
stored,additive/lengthscale,aligned10,0,100,excluded,1.0,1.0,1.0,0.8,0.888888888888889,8
stored,additive/lengthscale,aligned10,0,199,ok,1.0,1.0,1.0,1.0,1.0,10
stored,additive/lengthscale,aligned10,1,50,excluded,0.3063900195989748,0.4203863165819688,nan,0.0,nan,0
stored,additive/lengthscale,aligned10,1,100,excluded,0.8307481914004871,0.8772402597402597,1.0,0.5,0.6666666666666666,5
stored,additive/lengthscale,aligned10,1,199,excluded,1.0,1.0,1.0,0.9,0.9473684210526316,9
stored,additive/lengthscale,aligned10,2,50,excluded,0.4189063390946953,0.5104181096681097,1.0,0.1,0.18181818181818182,1
stored,additive/lengthscale,aligned10,2,100,excluded,0.611417228739232,0.5985142635142635,0.75,0.3,0.4285714285714285,4
stored,additive/lengthscale,aligned10,2,199,excluded,1.0,1.0,1.0,1.0,1.0,10
stored,additive/lengthscale,aligned10,3,50,excluded,0.5380658737824455,0.5122101300782471,0.8,0.4,0.5333333333333333,5
stored,additive/lengthscale,aligned10,3,100,excluded,0.6823634698634697,0.6774750611707134,1.0,0.5,0.6666666666666666,5
stored,additive/lengthscale,aligned10,3,199,excluded,0.8986425339366516,0.9455555555555556,1.0,0.8,0.888888888888889,8
stored,additive/lengthscale,aligned10,4,50,excluded,0.10741702180007699,0.15197360773783725,0.0,0.0,0.0,1
stored,additive/lengthscale,aligned10,4,100,excluded,0.4877994400235779,0.5053928571428571,0.5,0.4,0.4444444444444445,8
stored,additive/lengthscale,aligned10,4,199,ok,1.0,1.0,1.0,1.0,1.0,10
stored,additive/lengthscale,aligned10,5,50,excluded,0.5112814767392233,0.5545743145743146,1.0,0.2,0.33333333333333337,2
stored,additive/lengthscale,aligned10,5,100,excluded,0.8921717171717172,0.8552272727272727,1.0,0.5,0.6666666666666666,5
stored,additive/lengthscale,aligned10,5,199,ok,0.990909090909091,0.9809090909090908,1.0,0.7,0.8235294117647058,7
stored,additive/lengthscale,aligned10,6,50,excluded,0.30157856828755625,0.4180349219329729,0.5,0.1,0.16666666666666669,2
stored,additive/lengthscale,aligned10,6,100,excluded,0.7282759066300295,0.86,1.0,0.6,0.7499999999999999,6
stored,additive/lengthscale,aligned10,6,199,excluded,1.0,1.0,1.0,1.0,1.0,10
stored,additive/lengthscale,aligned10,7,50,excluded,0.5659827930467466,0.6644479018850357,1.0,0.4,0.5714285714285715,4
stored,additive/lengthscale,aligned10,7,100,excluded,0.9625,0.976923076923077,1.0,0.8,0.888888888888889,8
stored,additive/lengthscale,aligned10,7,199,excluded,1.0,1.0,1.0,1.0,1.0,10
stored,additive/lengthscale,aligned10,8,50,ok,0.4532798573975044,0.5234791378212431,nan,0.0,nan,0
stored,additive/lengthscale,aligned10,8,100,excluded,0.7297350427350426,0.8533241758241757,nan,0.0,nan,0
stored,additive/lengthscale,aligned10,8,199,excluded,0.8983974358974358,0.9067857142857143,1.0,0.6,0.7499999999999999,6
stored,additive/lengthscale,aligned10,9,50,excluded,0.20882065416738751,0.39500963449896087,nan,0.0,nan,0
stored,additive/lengthscale,aligned10,9,100,excluded,0.9666666666666666,1.0,1.0,0.6,0.7499999999999999,6
stored,additive/lengthscale,aligned10,9,199,excluded,1.0,1.0,1.0,1.0,1.0,10
stored,additive/lengthscale,aligned3,0,50,ok,1.0,1.0,1.0,1.0,1.0,3
stored,additive/lengthscale,aligned3,0,100,ok,1.0,1.0,1.0,1.0,1.0,3
stored,additive/lengthscale,aligned3,0,199,ok,1.0,1.0,1.0,1.0,1.0,3
stored,additive/lengthscale,aligned3,1,50,ok,1.0,1.0,1.0,1.0,1.0,3
stored,additive/lengthscale,aligned3,1,100,excluded,1.0,1.0,1.0,1.0,1.0,3
stored,additive/lengthscale,aligned3,1,199,excluded,1.0,1.0,1.0,1.0,1.0,3
stored,additive/lengthscale,aligned3,2,50,excluded,1.0,1.0,1.0,1.0,1.0,3
stored,additive/lengthscale,aligned3,2,100,excluded,1.0,1.0,1.0,1.0,1.0,3
stored,additive/lengthscale,aligned3,2,199,excluded,0.021709131112116187,1.0,0.03,1.0,0.058252427184466014,100
stored,additive/lengthscale,aligned3,3,50,excluded,1.0,1.0,1.0,1.0,1.0,3
stored,additive/lengthscale,aligned3,3,100,ok,1.0,1.0,1.0,1.0,1.0,3
stored,additive/lengthscale,aligned3,3,199,ok,1.0,1.0,1.0,1.0,1.0,3
stored,additive/lengthscale,aligned3,4,50,excluded,0.6989247311827956,0.9166666666666666,0.6666666666666666,0.6666666666666666,0.6666666666666666,3
stored,additive/lengthscale,aligned3,4,100,excluded,1.0,1.0,1.0,1.0,1.0,3
stored,additive/lengthscale,aligned3,4,199,ok,1.0,1.0,1.0,1.0,1.0,3
stored,additive/lengthscale,aligned3,5,50,excluded,1.0,1.0,1.0,1.0,1.0,3
stored,additive/lengthscale,aligned3,5,100,ok,0.024897119341563786,1.0,0.03,1.0,0.058252427184466014,100
stored,additive/lengthscale,aligned3,5,199,excluded,1.0,1.0,1.0,1.0,1.0,3
stored,additive/lengthscale,aligned3,6,50,ok,1.0,1.0,1.0,1.0,1.0,3
stored,additive/lengthscale,aligned3,6,100,ok,1.0,1.0,1.0,1.0,1.0,3
stored,additive/lengthscale,aligned3,6,199,ok,1.0,1.0,1.0,1.0,1.0,3
stored,additive/lengthscale,aligned3,7,50,excluded,1.0,1.0,1.0,1.0,1.0,3
stored,additive/lengthscale,aligned3,7,100,excluded,1.0,1.0,1.0,1.0,1.0,3
stored,additive/lengthscale,aligned3,7,199,ok,1.0,1.0,1.0,1.0,1.0,3
stored,additive/lengthscale,aligned3,8,50,excluded,1.0,1.0,1.0,1.0,1.0,3
stored,additive/lengthscale,aligned3,8,100,ok,0.08479135243841125,0.611111111111111,0.03,1.0,0.058252427184466014,100
stored,additive/lengthscale,aligned3,8,199,ok,0.03541310541310542,0.9166666666666666,0.03,1.0,0.058252427184466014,100
stored,additive/lengthscale,aligned3,9,50,ok,1.0,1.0,1.0,1.0,1.0,3
stored,additive/lengthscale,aligned3,9,100,ok,1.0,1.0,1.0,1.0,1.0,3
stored,additive/lengthscale,aligned3,9,199,ok,1.0,1.0,1.0,1.0,1.0,3
stored,additive/lengthscale,anti_aligned,0,50,excluded,0.30072966103201265,0.40278220804536596,nan,0.0,nan,0
stored,additive/lengthscale,anti_aligned,0,100,excluded,0.7320833333333333,0.8358585858585857,1.0,0.5,0.6666666666666666,3
stored,additive/lengthscale,anti_aligned,0,199,ok,1.0,1.0,1.0,0.16666666666666666,0.2857142857142857,1
stored,additive/lengthscale,anti_aligned,1,50,excluded,0.28250915750915745,0.3377496535420233,nan,0.0,nan,0
stored,additive/lengthscale,anti_aligned,1,100,excluded,0.7570850202429149,0.8531746031746031,1.0,0.5,0.6666666666666666,3
stored,additive/lengthscale,anti_aligned,1,199,ok,1.0,1.0,1.0,0.8333333333333334,0.9090909090909091,5
stored,additive/lengthscale,anti_aligned,2,50,excluded,0.6722222222222222,0.7428830227743272,1.0,0.3333333333333333,0.5,2
stored,additive/lengthscale,anti_aligned,2,100,excluded,1.0,1.0,1.0,0.8333333333333334,0.9090909090909091,5
stored,additive/lengthscale,anti_aligned,2,199,ok,1.0,1.0,1.0,0.8333333333333334,0.9090909090909091,5
stored,additive/lengthscale,anti_aligned,3,50,excluded,0.11407175518428715,0.1434915440622201,nan,0.0,nan,0
stored,additive/lengthscale,anti_aligned,3,100,excluded,1.0,1.0,1.0,1.0,1.0,6
stored,additive/lengthscale,anti_aligned,3,199,ok,1.0,1.0,1.0,1.0,1.0,6
stored,additive/lengthscale,anti_aligned,4,50,excluded,0.2865079365079365,0.4130350111282315,nan,0.0,nan,0
stored,additive/lengthscale,anti_aligned,4,100,excluded,0.8627450980392157,0.9,1.0,0.8333333333333334,0.9090909090909091,5
stored,additive/lengthscale,anti_aligned,4,199,ok,1.0,1.0,1.0,0.8333333333333334,0.9090909090909091,5
stored,additive/lengthscale,anti_aligned,5,50,excluded,0.540732572161182,0.5958212609213215,1.0,0.16666666666666666,0.2857142857142857,1
stored,additive/lengthscale,anti_aligned,5,100,ok,0.875,0.8733333333333334,1.0,0.8333333333333334,0.9090909090909091,5
stored,additive/lengthscale,anti_aligned,5,199,ok,0.8541666666666666,0.9583333333333334,1.0,0.8333333333333334,0.9090909090909091,5
stored,additive/lengthscale,anti_aligned,6,50,excluded,0.08243794009445543,0.2217185592185592,0.0,0.0,0.0,1
stored,additive/lengthscale,anti_aligned,6,100,excluded,0.8455284552845529,0.8518518518518517,1.0,0.6666666666666666,0.8,4
stored,additive/lengthscale,anti_aligned,6,199,excluded,0.8167915106117353,0.8921568627450981,1.0,0.6666666666666666,0.8,4
stored,additive/lengthscale,anti_aligned,7,50,excluded,0.6680555555555556,0.4633237133237133,1.0,0.16666666666666666,0.2857142857142857,1
stored,additive/lengthscale,anti_aligned,7,100,excluded,1.0,1.0,1.0,0.8333333333333334,0.9090909090909091,5
stored,additive/lengthscale,anti_aligned,7,199,ok,1.0,1.0,1.0,0.8333333333333334,0.9090909090909091,5
stored,additive/lengthscale,anti_aligned,8,50,excluded,0.4563816831080258,0.5379663986806844,1.0,0.16666666666666666,0.2857142857142857,1
stored,additive/lengthscale,anti_aligned,8,100,excluded,0.8448275862068965,0.8666666666666667,1.0,0.8333333333333334,0.9090909090909091,5
stored,additive/lengthscale,anti_aligned,8,199,ok,0.8717948717948718,0.9583333333333334,1.0,0.8333333333333334,0.9090909090909091,5
stored,additive/lengthscale,anti_aligned,9,50,excluded,0.33581699346405225,0.4055555555555555,0.5,0.16666666666666666,0.25,2
stored,additive/lengthscale,anti_aligned,9,100,excluded,1.0,1.0,1.0,0.8333333333333334,0.9090909090909091,5
stored,additive/lengthscale,anti_aligned,9,199,ok,1.0,1.0,1.0,1.0,1.0,6
stored,additive/lengthscale,decoupled,0,50,excluded,0.41035292538915724,0.49248120300751874,1.0,0.125,0.2222222222222222,1
stored,additive/lengthscale,decoupled,0,100,excluded,0.683806508714597,0.7550080128205128,1.0,0.5,0.6666666666666666,4
stored,additive/lengthscale,decoupled,0,199,ok,1.0,1.0,1.0,0.75,0.8571428571428571,6
stored,additive/lengthscale,decoupled,1,50,excluded,0.3672426555289171,0.5022251849457732,1.0,0.125,0.2222222222222222,1
stored,additive/lengthscale,decoupled,1,100,excluded,0.46249578272604586,0.5132825634578022,0.75,0.375,0.5,4
stored,additive/lengthscale,decoupled,1,199,ok,0.8908730158730158,0.9583333333333333,1.0,0.75,0.8571428571428571,6
stored,additive/lengthscale,decoupled,2,50,excluded,0.33097320413747927,0.49157148189622996,1.0,0.25,0.4,2
stored,additive/lengthscale,decoupled,2,100,excluded,0.7267309286898839,0.7416666666666667,1.0,0.25,0.4,2
stored,additive/lengthscale,decoupled,2,199,excluded,0.9861111111111112,0.9861111111111112,1.0,0.75,0.8571428571428571,6
stored,additive/lengthscale,decoupled,3,50,excluded,0.20499139011848624,0.15912608225108227,0.0,0.0,0.0,1
stored,additive/lengthscale,decoupled,3,100,excluded,0.8982558139534884,0.9226190476190477,1.0,0.625,0.7692307692307693,5
stored,additive/lengthscale,decoupled,3,199,ok,0.9583333333333333,0.9416666666666667,1.0,0.625,0.7692307692307693,5
stored,additive/lengthscale,decoupled,4,50,ok,0.44905608504398825,0.440790483964826,nan,0.0,nan,0
stored,additive/lengthscale,decoupled,4,100,excluded,0.6961417748917749,0.6904761904761905,1.0,0.125,0.2222222222222222,1
stored,additive/lengthscale,decoupled,4,199,excluded,1.0,0.9861111111111112,1.0,0.75,0.8571428571428571,6
stored,additive/lengthscale,decoupled,5,50,excluded,0.3668985874742804,0.4644809470179824,0.25,0.375,0.3,12
stored,additive/lengthscale,decoupled,5,100,excluded,1.0,1.0,1.0,1.0,1.0,8
stored,additive/lengthscale,decoupled,5,199,excluded,1.0,1.0,1.0,1.0,1.0,8
stored,additive/lengthscale,decoupled,6,50,ok,0.3028462373091529,0.28685336878986767,0.5,0.125,0.2,2
stored,additive/lengthscale,decoupled,6,100,excluded,0.5355829831932774,0.7369485294117647,1.0,0.375,0.5454545454545454,3
stored,additive/lengthscale,decoupled,6,199,excluded,1.0,1.0,1.0,0.75,0.8571428571428571,6
stored,additive/lengthscale,decoupled,7,50,ok,0.13172146125341488,0.3644214020230916,nan,0.0,nan,0
stored,additive/lengthscale,decoupled,7,100,excluded,0.9659090909090909,0.9338235294117647,1.0,0.75,0.8571428571428571,6
stored,additive/lengthscale,decoupled,7,199,excluded,0.8885135135135135,0.9659090909090909,1.0,0.625,0.7692307692307693,5
stored,additive/lengthscale,decoupled,8,50,excluded,0.3120004995004995,0.43544953554544347,nan,0.0,nan,0
stored,additive/lengthscale,decoupled,8,100,excluded,0.8591269841269842,0.8273809523809523,1.0,0.625,0.7692307692307693,5
stored,additive/lengthscale,decoupled,8,199,excluded,0.9861111111111112,0.9861111111111112,1.0,0.875,0.9333333333333333,7
stored,additive/lengthscale,decoupled,9,50,excluded,0.2447354464205173,0.370743520400271,nan,0.0,nan,0
stored,additive/lengthscale,decoupled,9,100,excluded,1.0,1.0,1.0,0.875,0.9333333333333333,7
stored,additive/lengthscale,decoupled,9,199,ok,1.0,1.0,1.0,1.0,1.0,8
stored,additive/lengthscale,interaction_g0.00,0,50,excluded,0.6938596491228071,0.7041666666666666,1.0,0.4,0.5714285714285715,2
stored,additive/lengthscale,interaction_g0.00,0,100,excluded,1.0,1.0,1.0,1.0,1.0,5
stored,additive/lengthscale,interaction_g0.00,0,199,ok,1.0,1.0,1.0,1.0,1.0,5
stored,additive/lengthscale,interaction_g0.00,1,50,excluded,0.2946247351399577,0.31363715529753267,1.0,0.2,0.33333333333333337,1
stored,additive/lengthscale,interaction_g0.00,1,100,ok,1.0,1.0,1.0,1.0,1.0,5
stored,additive/lengthscale,interaction_g0.00,1,199,ok,1.0,1.0,1.0,1.0,1.0,5
stored,additive/lengthscale,interaction_g0.00,2,50,excluded,0.2915579710144927,0.34521547275897657,0.0,0.0,0.0,1
stored,additive/lengthscale,interaction_g0.00,2,100,excluded,1.0,1.0,1.0,1.0,1.0,5
stored,additive/lengthscale,interaction_g0.00,2,199,ok,1.0,1.0,1.0,1.0,1.0,5
stored,additive/lengthscale,interaction_g0.00,3,50,excluded,0.8153846153846154,0.8555555555555555,1.0,0.4,0.5714285714285715,2
stored,additive/lengthscale,interaction_g0.00,3,100,excluded,1.0,1.0,1.0,1.0,1.0,5
stored,additive/lengthscale,interaction_g0.00,3,199,excluded,1.0,1.0,1.0,1.0,1.0,5
stored,additive/lengthscale,interaction_g0.00,4,50,excluded,0.5454780361757106,0.5741758241758242,1.0,0.4,0.5714285714285715,2
stored,additive/lengthscale,interaction_g0.00,4,100,excluded,1.0,1.0,1.0,1.0,1.0,5
stored,additive/lengthscale,interaction_g0.00,4,199,ok,1.0,1.0,1.0,1.0,1.0,5
stored,additive/lengthscale,interaction_g0.00,5,50,excluded,0.6803921568627451,0.7560606060606061,1.0,0.2,0.33333333333333337,1
stored,additive/lengthscale,interaction_g0.00,5,100,ok,1.0,1.0,1.0,1.0,1.0,5
stored,additive/lengthscale,interaction_g0.00,5,199,ok,1.0,1.0,1.0,1.0,1.0,5
stored,additive/lengthscale,interaction_g0.00,6,50,excluded,0.9266666666666665,0.9266666666666665,0.75,0.6,0.6666666666666665,4
stored,additive/lengthscale,interaction_g0.00,6,100,ok,1.0,1.0,1.0,1.0,1.0,5
stored,additive/lengthscale,interaction_g0.00,6,199,excluded,1.0,1.0,1.0,1.0,1.0,5
stored,additive/lengthscale,interaction_g0.00,7,50,excluded,0.8266666666666665,0.9028571428571428,0.75,0.6,0.6666666666666665,4
stored,additive/lengthscale,interaction_g0.00,7,100,ok,1.0,1.0,1.0,1.0,1.0,5
stored,additive/lengthscale,interaction_g0.00,7,199,excluded,1.0,1.0,1.0,1.0,1.0,5
stored,additive/lengthscale,interaction_g0.00,8,50,ok,0.629474216380182,0.6690370370370371,nan,0.0,nan,0
stored,additive/lengthscale,interaction_g0.00,8,100,excluded,0.8151515151515152,0.8833333333333334,nan,0.0,nan,0
stored,additive/lengthscale,interaction_g0.00,8,199,excluded,1.0,1.0,1.0,1.0,1.0,5
stored,additive/lengthscale,interaction_g0.00,9,50,excluded,0.264572399660119,0.314244434744653,1.0,0.2,0.33333333333333337,1
stored,additive/lengthscale,interaction_g0.00,9,100,ok,1.0,1.0,1.0,1.0,1.0,5
stored,additive/lengthscale,interaction_g0.00,9,199,ok,1.0,1.0,1.0,1.0,1.0,5
stored,additive/lengthscale,interaction_g0.25,0,50,excluded,0.31063829787234043,0.4916256157635468,1.0,0.2,0.33333333333333337,1
stored,additive/lengthscale,interaction_g0.25,0,100,excluded,0.71,0.8099999999999999,0.8,0.8,0.8000000000000002,5
stored,additive/lengthscale,interaction_g0.25,0,199,ok,0.71,1.0,0.8333333333333334,1.0,0.9090909090909091,6
stored,additive/lengthscale,interaction_g0.25,1,50,excluded,0.20429000270662634,0.22282186948853616,0.5,0.2,0.28571428571428575,2
stored,additive/lengthscale,interaction_g0.25,1,100,ok,0.8232558139534885,0.8476190476190476,1.0,0.6,0.7499999999999999,3
stored,additive/lengthscale,interaction_g0.25,1,199,excluded,0.71,0.71,0.8333333333333334,1.0,0.9090909090909091,6
stored,additive/lengthscale,interaction_g0.25,2,50,excluded,0.6755555555555557,0.5714285714285714,nan,0.0,nan,0
stored,additive/lengthscale,interaction_g0.25,2,100,excluded,0.8588235294117647,1.0,1.0,0.8,0.888888888888889,4
stored,additive/lengthscale,interaction_g0.25,2,199,ok,1.0,1.0,1.0,1.0,1.0,5
stored,additive/lengthscale,interaction_g0.25,3,50,ok,0.040640574366064566,0.0810977286476379,0.0,0.0,0.0,1
stored,additive/lengthscale,interaction_g0.25,3,100,excluded,0.1511178655859507,0.1874747474747475,0.0,0.0,0.0,1
stored,additive/lengthscale,interaction_g0.25,3,199,ok,0.5804093567251462,0.5555555555555556,0.6666666666666666,0.4,0.5,3
stored,additive/lengthscale,interaction_g0.25,4,50,ok,0.3271264367816092,0.43272727272727274,1.0,0.2,0.33333333333333337,1
stored,additive/lengthscale,interaction_g0.25,4,100,excluded,0.9666666666666666,0.9428571428571428,0.8,0.8,0.8000000000000002,5
stored,additive/lengthscale,interaction_g0.25,4,199,excluded,1.0,1.0,1.0,1.0,1.0,5
stored,additive/lengthscale,interaction_g0.25,5,50,excluded,0.3503567447045708,0.29818181818181816,nan,0.0,nan,0
stored,additive/lengthscale,interaction_g0.25,5,100,excluded,1.0,0.9266666666666665,1.0,0.8,0.888888888888889,4
stored,additive/lengthscale,interaction_g0.25,5,199,ok,0.71,0.9266666666666665,0.8333333333333334,1.0,0.9090909090909091,6
stored,additive/lengthscale,interaction_g0.25,6,50,excluded,0.2705751633986928,0.25460030165912517,0.5,0.2,0.28571428571428575,2
stored,additive/lengthscale,interaction_g0.25,6,100,excluded,0.71,1.0,0.8333333333333334,1.0,0.9090909090909091,6
stored,additive/lengthscale,interaction_g0.25,6,199,excluded,1.0,1.0,1.0,1.0,1.0,5
stored,additive/lengthscale,interaction_g0.25,7,50,excluded,0.6985185185185185,0.7454545454545455,1.0,0.6,0.7499999999999999,3
stored,additive/lengthscale,interaction_g0.25,7,100,excluded,0.6166666666666666,0.6880952380952381,0.6,0.6,0.6,5
stored,additive/lengthscale,interaction_g0.25,7,199,excluded,0.9266666666666665,1.0,0.8333333333333334,1.0,0.9090909090909091,6
stored,additive/lengthscale,interaction_g0.25,8,50,excluded,0.1568265494096696,0.22015822784810127,0.5,0.2,0.28571428571428575,2
stored,additive/lengthscale,interaction_g0.25,8,100,excluded,1.0,1.0,1.0,0.8,0.888888888888889,4
stored,additive/lengthscale,interaction_g0.25,8,199,ok,0.6295238095238095,0.7961904761904762,0.6666666666666666,0.8,0.7272727272727272,6
stored,additive/lengthscale,interaction_g0.25,9,50,excluded,0.09560117302052787,0.1348343685300207,nan,0.0,nan,0
stored,additive/lengthscale,interaction_g0.25,9,100,excluded,0.9666666666666666,0.9666666666666666,1.0,0.6,0.7499999999999999,3
stored,additive/lengthscale,interaction_g0.25,9,199,ok,0.8416666666666666,0.8714285714285713,1.0,0.8,0.888888888888889,4
stored,additive/lengthscale,interaction_g0.50,0,50,excluded,0.40472756410256405,0.4788993218570683,1.0,0.2,0.33333333333333337,1
stored,additive/lengthscale,interaction_g0.50,0,100,excluded,1.0,0.9666666666666666,1.0,1.0,1.0,5
stored,additive/lengthscale,interaction_g0.50,0,199,ok,0.71,0.9666666666666666,0.8333333333333334,1.0,0.9090909090909091,6
stored,additive/lengthscale,interaction_g0.50,1,50,excluded,0.11144386091194602,0.12318792318792318,nan,0.0,nan,0
stored,additive/lengthscale,interaction_g0.50,1,100,ok,0.4712121212121212,0.9266666666666665,0.75,0.6,0.6666666666666665,4
stored,additive/lengthscale,interaction_g0.50,1,199,ok,0.485952380952381,0.7961904761904762,0.625,1.0,0.7692307692307693,8
stored,additive/lengthscale,interaction_g0.50,2,50,excluded,0.551159420289855,0.4384057971014492,1.0,0.2,0.33333333333333337,1
stored,additive/lengthscale,interaction_g0.50,2,100,excluded,0.86,0.8766666666666666,0.8,0.8,0.8000000000000002,5
stored,additive/lengthscale,interaction_g0.50,2,199,excluded,0.5539716312056737,0.8212765957446809,0.6666666666666666,0.8,0.7272727272727272,6
stored,additive/lengthscale,interaction_g0.50,3,50,excluded,0.16655369484316854,0.16882332643202208,nan,0.0,nan,0
stored,additive/lengthscale,interaction_g0.50,3,100,excluded,0.71,0.8099999999999999,0.8,0.8,0.8000000000000002,5
stored,additive/lengthscale,interaction_g0.50,3,199,ok,0.8140845070422535,0.8212765957446809,1.0,0.8,0.888888888888889,4
stored,additive/lengthscale,interaction_g0.50,4,50,excluded,0.6317647058823529,0.5728937728937729,nan,0.0,nan,0
stored,additive/lengthscale,interaction_g0.50,4,100,excluded,0.6366666666666667,0.6433716475095785,1.0,0.4,0.5714285714285715,2
stored,additive/lengthscale,interaction_g0.50,4,199,excluded,0.71,0.9666666666666666,0.8333333333333334,1.0,0.9090909090909091,6
stored,additive/lengthscale,interaction_g0.50,5,50,excluded,0.6492877492877492,0.890909090909091,nan,0.0,nan,0
stored,additive/lengthscale,interaction_g0.50,5,100,excluded,0.8833333333333334,0.8711111111111111,1.0,0.8,0.888888888888889,4
stored,additive/lengthscale,interaction_g0.50,5,199,excluded,0.71,0.8766666666666666,0.8,0.8,0.8000000000000002,5
stored,additive/lengthscale,interaction_g0.50,6,50,excluded,0.1316403423024815,0.23279220779220783,0.0,0.0,0.0,1
stored,additive/lengthscale,interaction_g0.50,6,100,ok,0.8666666666666666,0.9,1.0,0.4,0.5714285714285715,2
stored,additive/lengthscale,interaction_g0.50,6,199,excluded,0.8714285714285713,1.0,1.0,0.6,0.7499999999999999,3
stored,additive/lengthscale,interaction_g0.50,7,50,ok,0.20481962481962485,0.31694825724561687,nan,0.0,nan,0
stored,additive/lengthscale,interaction_g0.50,7,100,excluded,0.44702702702702696,0.5311111111111111,0.6666666666666666,0.8,0.7272727272727272,6
stored,additive/lengthscale,interaction_g0.50,7,199,excluded,0.8766666666666666,0.8766666666666666,0.8333333333333334,1.0,0.9090909090909091,6
stored,additive/lengthscale,interaction_g0.50,8,50,excluded,0.668768472906404,0.7388888888888888,1.0,0.4,0.5714285714285715,2
stored,additive/lengthscale,interaction_g0.50,8,100,excluded,0.7933333333333333,0.7416666666666666,0.6666666666666666,0.4,0.5,3
stored,additive/lengthscale,interaction_g0.50,8,199,excluded,1.0,1.0,1.0,0.8,0.888888888888889,4
stored,additive/lengthscale,interaction_g0.50,9,50,excluded,0.12907194049654733,0.09856420391203,nan,0.0,nan,0
stored,additive/lengthscale,interaction_g0.50,9,100,excluded,0.6028150572831423,0.7266666666666668,1.0,0.4,0.5714285714285715,2
stored,additive/lengthscale,interaction_g0.50,9,199,excluded,0.71,1.0,0.8,0.8,0.8000000000000002,5
stored,additive/lengthscale,interaction_g0.75,0,50,ok,0.06260888234572445,0.30785714285714283,nan,0.0,nan,0
stored,additive/lengthscale,interaction_g0.75,0,100,excluded,0.7611111111111111,0.9028571428571428,1.0,0.4,0.5714285714285715,2
stored,additive/lengthscale,interaction_g0.75,0,199,excluded,1.0,1.0,1.0,1.0,1.0,5
stored,additive/lengthscale,interaction_g0.75,1,50,excluded,0.19837232190173365,0.21265022137887413,0.0,0.0,0.0,1
stored,additive/lengthscale,interaction_g0.75,1,100,excluded,0.5134920634920634,0.5140124902419985,0.75,0.6,0.6666666666666665,4
stored,additive/lengthscale,interaction_g0.75,1,199,excluded,1.0,1.0,1.0,0.8,0.888888888888889,4
stored,additive/lengthscale,interaction_g0.75,2,50,excluded,0.22474923450533205,0.2609042846997554,nan,0.0,nan,0
stored,additive/lengthscale,interaction_g0.75,2,100,excluded,0.590952380952381,0.7957142857142857,0.8,0.8,0.8000000000000002,5
stored,additive/lengthscale,interaction_g0.75,2,199,ok,0.71,0.8766666666666666,0.8333333333333334,1.0,0.9090909090909091,6
stored,additive/lengthscale,interaction_g0.75,3,50,excluded,0.11286445012787723,0.13629040749338392,0.0,0.0,0.0,2
stored,additive/lengthscale,interaction_g0.75,3,100,ok,0.71,0.9666666666666666,0.8,0.8,0.8000000000000002,5
stored,additive/lengthscale,interaction_g0.75,3,199,ok,0.8135135135135135,0.810752688172043,1.0,0.2,0.33333333333333337,1
stored,additive/lengthscale,interaction_g0.75,4,50,ok,0.07765869275344647,0.10762628887628889,nan,0.0,nan,0
stored,additive/lengthscale,interaction_g0.75,4,100,ok,0.1074877450980392,0.09040413533834586,nan,0.0,nan,0
stored,additive/lengthscale,interaction_g0.75,4,199,excluded,0.17365367965367967,0.2782518620825729,0.5,0.2,0.28571428571428575,2
stored,additive/lengthscale,interaction_g0.75,5,50,excluded,0.08686650314602475,0.25569136745607335,0.0,0.0,0.0,1
stored,additive/lengthscale,interaction_g0.75,5,100,excluded,0.6966666666666667,0.6342857142857142,0.6666666666666666,0.4,0.5,3
stored,additive/lengthscale,interaction_g0.75,5,199,excluded,0.82,0.876923076923077,1.0,0.8,0.888888888888889,4
stored,additive/lengthscale,interaction_g0.75,6,50,excluded,0.19698749256095102,0.22982456140350874,0.0,0.0,0.0,1
stored,additive/lengthscale,interaction_g0.75,6,100,excluded,0.8192307692307693,0.837037037037037,1.0,0.6,0.7499999999999999,3
stored,additive/lengthscale,interaction_g0.75,6,199,excluded,0.71,0.9028571428571428,0.8,0.8,0.8000000000000002,5
stored,additive/lengthscale,interaction_g0.75,7,50,excluded,0.25481481839756487,0.4137121212121212,0.5,0.2,0.28571428571428575,2
stored,additive/lengthscale,interaction_g0.75,7,100,excluded,0.555679012345679,0.7403030303030302,0.8,0.8,0.8000000000000002,5
stored,additive/lengthscale,interaction_g0.75,7,199,excluded,0.71,0.9266666666666665,0.8333333333333334,1.0,0.9090909090909091,6
stored,additive/lengthscale,interaction_g0.75,8,50,excluded,0.4903381642512078,0.5212121212121212,nan,0.0,nan,0
stored,additive/lengthscale,interaction_g0.75,8,100,ok,0.4644444444444444,0.6944444444444444,0.75,0.6,0.6666666666666665,4
stored,additive/lengthscale,interaction_g0.75,8,199,excluded,0.71,0.8766666666666666,0.8,0.8,0.8000000000000002,5
stored,additive/lengthscale,interaction_g0.75,9,50,excluded,0.07205304535607346,0.09835142941364806,0.0,0.0,0.0,1
stored,additive/lengthscale,interaction_g0.75,9,100,excluded,0.4205602240896358,0.47897435897435897,0.5,0.4,0.4444444444444445,4
stored,additive/lengthscale,interaction_g0.75,9,199,excluded,0.36741784037558683,0.5316421568627451,0.6,0.6,0.6,5
stored,product/amplitude,aligned10,0,50,excluded,0.5954506148613292,0.4701017316017316,nan,0.0,nan,0
stored,product/amplitude,aligned10,0,100,excluded,0.7471554621848739,0.7378459282263631,1.0,0.1,0.18181818181818182,1
stored,product/amplitude,aligned10,0,199,excluded,0.90625,0.930952380952381,1.0,0.3,0.4615384615384615,3
stored,product/amplitude,aligned10,1,50,excluded,0.21981971072820264,0.327391899288451,0.0,0.0,0.0,1
stored,product/amplitude,aligned10,1,100,excluded,0.22133897148603027,0.25246827793040116,0.0,0.0,0.0,2
stored,product/amplitude,aligned10,1,199,excluded,1.0,1.0,1.0,0.2,0.33333333333333337,2
stored,product/amplitude,aligned10,2,50,excluded,0.329139614798844,0.34371710025549185,nan,0.0,nan,0
stored,product/amplitude,aligned10,2,100,excluded,0.23277186460882113,0.31269355004649124,nan,0.0,nan,0
stored,product/amplitude,aligned10,2,199,excluded,0.7491125541125541,0.7618360805860807,1.0,0.3,0.4615384615384615,3
stored,product/amplitude,aligned10,3,50,excluded,0.3168450896393632,0.3407463974494721,1.0,0.1,0.18181818181818182,1
stored,product/amplitude,aligned10,3,100,excluded,0.9136752136752136,0.9188888888888889,1.0,0.1,0.18181818181818182,1
stored,product/amplitude,aligned10,3,199,excluded,0.8865530303030302,0.9809090909090908,1.0,0.3,0.4615384615384615,3
stored,product/amplitude,aligned10,4,50,excluded,0.5191551893942903,0.40968363801098234,nan,0.0,nan,0
stored,product/amplitude,aligned10,4,100,excluded,0.6615948241644836,0.556152898027898,nan,0.0,nan,0
stored,product/amplitude,aligned10,4,199,excluded,1.0,1.0,1.0,0.2,0.33333333333333337,2
stored,product/amplitude,aligned10,5,50,excluded,0.27756525798725284,0.3563815102478579,1.0,0.1,0.18181818181818182,1
stored,product/amplitude,aligned10,5,100,excluded,0.6448521019210675,0.6657096171802055,1.0,0.1,0.18181818181818182,1
stored,product/amplitude,aligned10,5,199,excluded,0.911146953405018,0.9353174603174604,1.0,0.2,0.33333333333333337,2
stored,product/amplitude,aligned10,6,50,excluded,0.37385836385836385,0.3884183068393595,nan,0.0,nan,0
stored,product/amplitude,aligned10,6,100,excluded,0.45056114007060266,0.5191062506517536,1.0,0.1,0.18181818181818182,1
stored,product/amplitude,aligned10,6,199,excluded,1.0,1.0,1.0,0.1,0.18181818181818182,1
stored,product/amplitude,aligned10,7,50,excluded,0.5070293144649938,0.6083838133068521,1.0,0.2,0.33333333333333337,2
stored,product/amplitude,aligned10,7,100,excluded,0.6339336853622568,0.7061064425770308,1.0,0.2,0.33333333333333337,2
stored,product/amplitude,aligned10,7,199,excluded,0.9526315789473685,0.9833333333333334,1.0,0.3,0.4615384615384615,3
stored,product/amplitude,aligned10,8,50,excluded,0.5550464576074333,0.6744916490129257,nan,0.0,nan,0
stored,product/amplitude,aligned10,8,100,excluded,0.6946030440148088,0.8242296918767508,1.0,0.1,0.18181818181818182,1
stored,product/amplitude,aligned10,8,199,excluded,0.8915404040404041,0.9669230769230769,1.0,0.2,0.33333333333333337,2
stored,product/amplitude,aligned10,9,50,excluded,0.22435127682645062,0.32350110928959835,0.5,0.1,0.16666666666666669,2
stored,product/amplitude,aligned10,9,100,excluded,0.7632916666666667,0.6992777651248498,1.0,0.2,0.33333333333333337,2
stored,product/amplitude,aligned10,9,199,excluded,0.951923076923077,0.9833333333333334,1.0,0.4,0.5714285714285715,4
stored,product/amplitude,aligned3,0,50,excluded,0.3846153846153846,0.45555555555555555,1.0,0.3333333333333333,0.5,1
stored,product/amplitude,aligned3,0,100,excluded,1.0,1.0,1.0,1.0,1.0,3
stored,product/amplitude,aligned3,0,199,excluded,1.0,1.0,1.0,1.0,1.0,3
stored,product/amplitude,aligned3,1,50,excluded,0.060221307986948504,0.0670048905343023,nan,0.0,nan,0
stored,product/amplitude,aligned3,1,100,excluded,1.0,1.0,1.0,1.0,1.0,3
stored,product/amplitude,aligned3,1,199,excluded,1.0,1.0,1.0,1.0,1.0,3
stored,product/amplitude,aligned3,2,50,excluded,1.0,1.0,1.0,1.0,1.0,3
stored,product/amplitude,aligned3,2,100,excluded,1.0,1.0,1.0,1.0,1.0,3
stored,product/amplitude,aligned3,2,199,excluded,1.0,1.0,1.0,1.0,1.0,3
stored,product/amplitude,aligned3,3,50,excluded,1.0,1.0,1.0,1.0,1.0,3
stored,product/amplitude,aligned3,3,100,excluded,1.0,1.0,1.0,1.0,1.0,3
stored,product/amplitude,aligned3,3,199,excluded,1.0,1.0,1.0,1.0,1.0,3
stored,product/amplitude,aligned3,4,50,excluded,1.0,1.0,1.0,1.0,1.0,3
stored,product/amplitude,aligned3,4,100,excluded,1.0,1.0,1.0,1.0,1.0,3
stored,product/amplitude,aligned3,4,199,excluded,1.0,1.0,1.0,1.0,1.0,3
stored,product/amplitude,aligned3,5,50,excluded,1.0,1.0,1.0,1.0,1.0,3
stored,product/amplitude,aligned3,5,100,excluded,1.0,1.0,1.0,1.0,1.0,3
stored,product/amplitude,aligned3,5,199,excluded,1.0,1.0,1.0,1.0,1.0,3
stored,product/amplitude,aligned3,6,50,excluded,1.0,1.0,1.0,1.0,1.0,3
stored,product/amplitude,aligned3,6,100,excluded,1.0,1.0,1.0,1.0,1.0,3
stored,product/amplitude,aligned3,6,199,excluded,1.0,1.0,1.0,1.0,1.0,3
stored,product/amplitude,aligned3,7,50,excluded,1.0,1.0,1.0,1.0,1.0,3
stored,product/amplitude,aligned3,7,100,excluded,1.0,1.0,1.0,1.0,1.0,3
stored,product/amplitude,aligned3,7,199,excluded,1.0,1.0,1.0,1.0,1.0,3
stored,product/amplitude,aligned3,8,50,excluded,1.0,1.0,1.0,1.0,1.0,3
stored,product/amplitude,aligned3,8,100,excluded,1.0,1.0,1.0,1.0,1.0,3
stored,product/amplitude,aligned3,8,199,excluded,1.0,1.0,1.0,1.0,1.0,3
stored,product/amplitude,aligned3,9,50,excluded,1.0,1.0,1.0,1.0,1.0,3
stored,product/amplitude,aligned3,9,100,excluded,1.0,1.0,1.0,1.0,1.0,3
stored,product/amplitude,aligned3,9,199,excluded,1.0,1.0,1.0,1.0,1.0,3
stored,product/amplitude,anti_aligned,0,50,excluded,0.13245240851085305,0.15098370531297486,0.0,0.0,0.0,1
stored,product/amplitude,anti_aligned,0,100,excluded,0.8478260869565218,0.9166666666666666,1.0,0.3333333333333333,0.5,2
stored,product/amplitude,anti_aligned,0,199,excluded,1.0,1.0,1.0,0.8333333333333334,0.9090909090909091,5
stored,product/amplitude,anti_aligned,1,50,excluded,0.5190343282448545,0.47458330348401273,1.0,0.16666666666666666,0.2857142857142857,1
stored,product/amplitude,anti_aligned,1,100,excluded,1.0,1.0,1.0,0.5,0.6666666666666666,3
stored,product/amplitude,anti_aligned,1,199,excluded,0.8571428571428571,0.9444444444444443,1.0,0.5,0.6666666666666666,3
stored,product/amplitude,anti_aligned,2,50,excluded,0.4020190127332984,0.44947770774976653,0.5,0.16666666666666666,0.25,2
stored,product/amplitude,anti_aligned,2,100,excluded,0.9333333333333332,0.9055555555555554,1.0,0.6666666666666666,0.8,4
stored,product/amplitude,anti_aligned,2,199,excluded,1.0,1.0,1.0,0.6666666666666666,0.8,4
stored,product/amplitude,anti_aligned,3,50,excluded,0.5966269841269841,0.6386986301369862,1.0,0.16666666666666666,0.2857142857142857,1
stored,product/amplitude,anti_aligned,3,100,excluded,0.8198412698412699,0.7582972582972584,1.0,0.3333333333333333,0.5,2
stored,product/amplitude,anti_aligned,3,199,excluded,1.0,1.0,1.0,0.6666666666666666,0.8,4
stored,product/amplitude,anti_aligned,4,50,excluded,0.5826500297088532,0.5435817715354176,1.0,0.3333333333333333,0.5,2
stored,product/amplitude,anti_aligned,4,100,excluded,0.5791462418300654,0.5560510071474983,1.0,0.5,0.6666666666666666,3
stored,product/amplitude,anti_aligned,4,199,excluded,0.8603603603603603,0.8921568627450981,1.0,0.6666666666666666,0.8,4
stored,product/amplitude,anti_aligned,5,50,excluded,0.3832512779122948,0.4089376523859283,1.0,0.16666666666666666,0.2857142857142857,1
stored,product/amplitude,anti_aligned,5,100,excluded,0.861904761904762,0.8636363636363636,1.0,0.8333333333333334,0.9090909090909091,5
stored,product/amplitude,anti_aligned,5,199,excluded,0.9333333333333332,1.0,1.0,0.8333333333333334,0.9090909090909091,5
stored,product/amplitude,anti_aligned,6,50,excluded,0.5251618488407106,0.5800865800865801,1.0,0.16666666666666666,0.2857142857142857,1
stored,product/amplitude,anti_aligned,6,100,excluded,0.9242424242424242,1.0,1.0,0.6666666666666666,0.8,4
stored,product/amplitude,anti_aligned,6,199,excluded,1.0,1.0,1.0,0.6666666666666666,0.8,4
stored,product/amplitude,anti_aligned,7,50,excluded,0.24259512417407156,0.3611111111111111,0.5,0.16666666666666666,0.25,2
stored,product/amplitude,anti_aligned,7,100,excluded,0.8478260869565218,0.867816091954023,1.0,0.8333333333333334,0.9090909090909091,5
stored,product/amplitude,anti_aligned,7,199,excluded,1.0,1.0,1.0,0.8333333333333334,0.9090909090909091,5
stored,product/amplitude,anti_aligned,8,50,excluded,0.17457323679412307,0.20730721731865898,0.5,0.16666666666666666,0.25,2
stored,product/amplitude,anti_aligned,8,100,excluded,0.8768115942028986,0.8596491228070176,1.0,0.3333333333333333,0.5,2
stored,product/amplitude,anti_aligned,8,199,excluded,1.0,1.0,1.0,0.8333333333333334,0.9090909090909091,5
stored,product/amplitude,anti_aligned,9,50,excluded,0.6235690235690236,0.6363465160075329,1.0,0.5,0.6666666666666666,3
stored,product/amplitude,anti_aligned,9,100,excluded,0.8571428571428571,0.8468468468468467,1.0,0.5,0.6666666666666666,3
stored,product/amplitude,anti_aligned,9,199,excluded,0.8596491228070176,0.9242424242424242,1.0,0.6666666666666666,0.8,4
stored,product/amplitude,decoupled,0,50,excluded,0.5042196518759019,0.5475270562770562,1.0,0.125,0.2222222222222222,1
stored,product/amplitude,decoupled,0,100,excluded,0.552669003898512,0.6981014737632593,1.0,0.25,0.4,2
stored,product/amplitude,decoupled,0,199,excluded,0.9293650793650794,0.9861111111111112,1.0,0.375,0.5454545454545454,3
stored,product/amplitude,decoupled,1,50,excluded,0.31629951539483536,0.4067990560288378,1.0,0.25,0.4,2
stored,product/amplitude,decoupled,1,100,excluded,0.2715523886230383,0.4565248599439776,1.0,0.125,0.2222222222222222,1
stored,product/amplitude,decoupled,1,199,excluded,1.0,1.0,1.0,0.5,0.6666666666666666,4
stored,product/amplitude,decoupled,2,50,excluded,0.5615903338079418,0.6286100235548765,1.0,0.125,0.2222222222222222,1
stored,product/amplitude,decoupled,2,100,excluded,0.7611642743221689,0.8024443999198557,1.0,0.375,0.5454545454545454,3
stored,product/amplitude,decoupled,2,199,excluded,0.796904761904762,0.8821022727272727,1.0,0.375,0.5454545454545454,3
stored,product/amplitude,decoupled,3,50,excluded,0.19706250099107242,0.18026427185171004,0.0,0.0,0.0,1
stored,product/amplitude,decoupled,3,100,excluded,0.4157897738112822,0.4977531144036562,1.0,0.25,0.4,2
stored,product/amplitude,decoupled,3,199,excluded,0.8222313596491229,0.8334274421230943,1.0,0.375,0.5454545454545454,3
stored,product/amplitude,decoupled,4,50,excluded,0.29020258281482136,0.3628576414374739,nan,0.0,nan,0
stored,product/amplitude,decoupled,4,100,excluded,0.6692254017911913,0.673768472906404,1.0,0.25,0.4,2
stored,product/amplitude,decoupled,4,199,excluded,1.0,1.0,1.0,0.375,0.5454545454545454,3
stored,product/amplitude,decoupled,5,50,excluded,0.27365006413808285,0.2171456939799331,0.0,0.0,0.0,1
stored,product/amplitude,decoupled,5,100,excluded,0.643048331445051,0.6988860013860014,1.0,0.25,0.4,2
stored,product/amplitude,decoupled,5,199,excluded,1.0,1.0,1.0,0.25,0.4,2
stored,product/amplitude,decoupled,6,50,excluded,0.514102564102564,0.5553728070175438,1.0,0.125,0.2222222222222222,1
stored,product/amplitude,decoupled,6,100,excluded,0.9181985294117647,1.0,1.0,0.375,0.5454545454545454,3
stored,product/amplitude,decoupled,6,199,excluded,0.8890845070422535,0.8935185185185185,1.0,0.375,0.5454545454545454,3
stored,product/amplitude,decoupled,7,50,excluded,0.4574067654357028,0.46414016830683497,1.0,0.375,0.5454545454545454,3
stored,product/amplitude,decoupled,7,100,excluded,0.7064599483204135,0.6925438596491229,1.0,0.375,0.5454545454545454,3
stored,product/amplitude,decoupled,7,199,excluded,0.9044117647058824,0.8892857142857142,1.0,0.375,0.5454545454545454,3
stored,product/amplitude,decoupled,8,50,excluded,0.453959411821969,0.5601206264999369,nan,0.0,nan,0
stored,product/amplitude,decoupled,8,100,excluded,0.7735714285714286,0.7759615384615384,1.0,0.375,0.5454545454545454,3
stored,product/amplitude,decoupled,8,199,excluded,1.0,1.0,1.0,0.375,0.5454545454545454,3
stored,product/amplitude,decoupled,9,50,excluded,0.30490422680816454,0.47309409340659336,0.0,0.0,0.0,1
stored,product/amplitude,decoupled,9,100,excluded,0.8258771929824562,0.8194444444444444,1.0,0.375,0.5454545454545454,3
stored,product/amplitude,decoupled,9,199,excluded,1.0,1.0,1.0,0.5,0.6666666666666666,4
stored,product/amplitude,interaction_g0.00,0,50,excluded,0.6423076923076922,0.7088888888888889,1.0,0.4,0.5714285714285715,2
stored,product/amplitude,interaction_g0.00,0,100,excluded,1.0,1.0,1.0,0.6,0.7499999999999999,3
stored,product/amplitude,interaction_g0.00,0,199,excluded,1.0,1.0,1.0,1.0,1.0,5
stored,product/amplitude,interaction_g0.00,1,50,excluded,0.5945254745254746,0.6512765957446808,1.0,0.2,0.33333333333333337,1
stored,product/amplitude,interaction_g0.00,1,100,excluded,1.0,1.0,1.0,0.4,0.5714285714285715,2
stored,product/amplitude,interaction_g0.00,1,199,excluded,1.0,1.0,1.0,1.0,1.0,5
stored,product/amplitude,interaction_g0.00,2,50,excluded,0.3485901027077497,0.443859649122807,0.5,0.2,0.28571428571428575,2
stored,product/amplitude,interaction_g0.00,2,100,excluded,1.0,1.0,1.0,0.4,0.5714285714285715,2
stored,product/amplitude,interaction_g0.00,2,199,excluded,1.0,1.0,1.0,1.0,1.0,5
stored,product/amplitude,interaction_g0.00,3,50,excluded,0.26202005012531326,0.32542128603104215,1.0,0.2,0.33333333333333337,1
stored,product/amplitude,interaction_g0.00,3,100,excluded,0.6221543162719633,0.6287179487179487,1.0,0.4,0.5714285714285715,2
stored,product/amplitude,interaction_g0.00,3,199,excluded,1.0,1.0,1.0,1.0,1.0,5
stored,product/amplitude,interaction_g0.00,4,50,excluded,0.6755555555555557,0.7253968253968253,1.0,0.2,0.33333333333333337,1
stored,product/amplitude,interaction_g0.00,4,100,excluded,1.0,1.0,1.0,0.6,0.7499999999999999,3
stored,product/amplitude,interaction_g0.00,4,199,excluded,1.0,1.0,1.0,0.8,0.888888888888889,4
stored,product/amplitude,interaction_g0.00,5,50,excluded,0.8232558139534885,0.7529411764705882,1.0,0.4,0.5714285714285715,2
stored,product/amplitude,interaction_g0.00,5,100,excluded,1.0,1.0,1.0,0.6,0.7499999999999999,3
stored,product/amplitude,interaction_g0.00,5,199,excluded,1.0,1.0,1.0,0.6,0.7499999999999999,3
stored,product/amplitude,interaction_g0.00,6,50,excluded,0.8117647058823529,0.9266666666666665,1.0,0.4,0.5714285714285715,2
stored,product/amplitude,interaction_g0.00,6,100,excluded,1.0,1.0,1.0,1.0,1.0,5
stored,product/amplitude,interaction_g0.00,6,199,excluded,1.0,1.0,1.0,1.0,1.0,5
stored,product/amplitude,interaction_g0.00,7,50,excluded,1.0,1.0,1.0,0.6,0.7499999999999999,3
stored,product/amplitude,interaction_g0.00,7,100,excluded,1.0,1.0,1.0,0.6,0.7499999999999999,3
stored,product/amplitude,interaction_g0.00,7,199,excluded,1.0,1.0,1.0,0.8,0.888888888888889,4
stored,product/amplitude,interaction_g0.00,8,50,excluded,0.6335526315789474,0.6468468468468468,1.0,0.2,0.33333333333333337,1
stored,product/amplitude,interaction_g0.00,8,100,excluded,0.6349253731343284,0.7592857142857142,1.0,0.4,0.5714285714285715,2
stored,product/amplitude,interaction_g0.00,8,199,excluded,1.0,1.0,1.0,0.8,0.888888888888889,4
stored,product/amplitude,interaction_g0.00,9,50,excluded,0.8125,0.925,1.0,0.2,0.33333333333333337,1
stored,product/amplitude,interaction_g0.00,9,100,excluded,1.0,1.0,1.0,0.4,0.5714285714285715,2
stored,product/amplitude,interaction_g0.00,9,199,excluded,1.0,1.0,1.0,0.8,0.888888888888889,4
stored,product/amplitude,interaction_g0.25,0,50,excluded,0.3611111111111111,0.589047619047619,0.5,0.2,0.28571428571428575,2
stored,product/amplitude,interaction_g0.25,0,100,excluded,0.6360389610389611,0.85,1.0,0.6,0.7499999999999999,3
stored,product/amplitude,interaction_g0.25,0,199,excluded,1.0,1.0,1.0,1.0,1.0,5
stored,product/amplitude,interaction_g0.25,1,50,excluded,0.39064751481988147,0.3710378888397464,1.0,0.2,0.33333333333333337,1
stored,product/amplitude,interaction_g0.25,1,100,excluded,1.0,1.0,1.0,0.8,0.888888888888889,4
stored,product/amplitude,interaction_g0.25,1,199,excluded,1.0,1.0,1.0,0.8,0.888888888888889,4
stored,product/amplitude,interaction_g0.25,2,50,excluded,0.3589252382355831,0.5537414965986394,1.0,0.2,0.33333333333333337,1
stored,product/amplitude,interaction_g0.25,2,100,excluded,0.8227272727272726,0.83125,1.0,0.6,0.7499999999999999,3
stored,product/amplitude,interaction_g0.25,2,199,excluded,1.0,1.0,1.0,1.0,1.0,5
stored,product/amplitude,interaction_g0.25,3,50,excluded,0.12838491295938104,0.1432352593642916,0.0,0.0,0.0,1
stored,product/amplitude,interaction_g0.25,3,100,excluded,1.0,1.0,1.0,1.0,1.0,5
stored,product/amplitude,interaction_g0.25,3,199,excluded,1.0,1.0,1.0,0.8,0.888888888888889,4
stored,product/amplitude,interaction_g0.25,4,50,excluded,0.243030303030303,0.2128249367379802,0.0,0.0,0.0,1
stored,product/amplitude,interaction_g0.25,4,100,excluded,0.8294117647058823,0.85,1.0,0.8,0.888888888888889,4
stored,product/amplitude,interaction_g0.25,4,199,excluded,1.0,1.0,1.0,0.8,0.888888888888889,4
stored,product/amplitude,interaction_g0.25,5,50,excluded,0.06564095736361547,0.15558119898677175,nan,0.0,nan,0
stored,product/amplitude,interaction_g0.25,5,100,excluded,0.37548759484243355,0.36293076293076293,0.5,0.4,0.4444444444444445,4
stored,product/amplitude,interaction_g0.25,5,199,excluded,1.0,1.0,1.0,0.8,0.888888888888889,4
stored,product/amplitude,interaction_g0.25,6,50,excluded,0.7277992277992278,0.780408163265306,1.0,0.6,0.7499999999999999,3
stored,product/amplitude,interaction_g0.25,6,100,excluded,0.7753846153846153,0.797037037037037,0.75,0.6,0.6666666666666665,4
stored,product/amplitude,interaction_g0.25,6,199,excluded,1.0,1.0,1.0,1.0,1.0,5
stored,product/amplitude,interaction_g0.25,7,50,excluded,0.6716356107660456,0.6556390977443609,1.0,0.4,0.5714285714285715,2
stored,product/amplitude,interaction_g0.25,7,100,excluded,0.85,0.821111111111111,0.8,0.8,0.8000000000000002,5
stored,product/amplitude,interaction_g0.25,7,199,excluded,1.0,1.0,1.0,0.8,0.888888888888889,4
stored,product/amplitude,interaction_g0.25,8,50,excluded,0.6204615384615384,0.740909090909091,1.0,0.2,0.33333333333333337,1
stored,product/amplitude,interaction_g0.25,8,100,excluded,0.5857142857142856,0.5631313131313131,0.5,0.2,0.28571428571428575,2
stored,product/amplitude,interaction_g0.25,8,199,excluded,1.0,1.0,1.0,0.6,0.7499999999999999,3
stored,product/amplitude,interaction_g0.25,9,50,excluded,0.28452127659574467,0.33611111111111114,0.0,0.0,0.0,1
stored,product/amplitude,interaction_g0.25,9,100,excluded,0.7240845070422536,0.6151629072681704,1.0,0.4,0.5714285714285715,2
stored,product/amplitude,interaction_g0.25,9,199,excluded,1.0,1.0,1.0,0.8,0.888888888888889,4
stored,product/amplitude,interaction_g0.50,0,50,excluded,0.4559466497300731,0.478125,1.0,0.2,0.33333333333333337,1
stored,product/amplitude,interaction_g0.50,0,100,excluded,0.6237335834896811,0.5475862068965517,1.0,0.4,0.5714285714285715,2
stored,product/amplitude,interaction_g0.50,0,199,excluded,1.0,1.0,1.0,1.0,1.0,5
stored,product/amplitude,interaction_g0.50,1,50,excluded,0.055668691947761716,0.08007243814866319,0.0,0.0,0.0,1
stored,product/amplitude,interaction_g0.50,1,100,excluded,0.885,0.8528571428571429,1.0,0.4,0.5714285714285715,2
stored,product/amplitude,interaction_g0.50,1,199,excluded,1.0,1.0,1.0,0.8,0.888888888888889,4
stored,product/amplitude,interaction_g0.50,2,50,excluded,0.4783982683982684,0.5319047619047619,1.0,0.2,0.33333333333333337,1
stored,product/amplitude,interaction_g0.50,2,100,excluded,1.0,0.9666666666666666,1.0,0.6,0.7499999999999999,3
stored,product/amplitude,interaction_g0.50,2,199,excluded,1.0,1.0,1.0,0.8,0.888888888888889,4
stored,product/amplitude,interaction_g0.50,3,50,excluded,0.13887362637362638,0.07772804188429652,0.0,0.0,0.0,2
stored,product/amplitude,interaction_g0.50,3,100,excluded,1.0,0.9666666666666666,1.0,0.4,0.5714285714285715,2
stored,product/amplitude,interaction_g0.50,3,199,excluded,1.0,1.0,1.0,0.8,0.888888888888889,4
stored,product/amplitude,interaction_g0.50,4,50,excluded,0.7145299145299145,0.7234782608695652,1.0,0.6,0.7499999999999999,3
stored,product/amplitude,interaction_g0.50,4,100,excluded,0.8172413793103448,0.9,1.0,0.8,0.888888888888889,4
stored,product/amplitude,interaction_g0.50,4,199,excluded,1.0,1.0,1.0,0.8,0.888888888888889,4
stored,product/amplitude,interaction_g0.50,5,50,excluded,0.27205291005291005,0.20198346336182765,0.0,0.0,0.0,1
stored,product/amplitude,interaction_g0.50,5,100,excluded,0.5359730848861284,0.6755913978494623,0.75,0.6,0.6666666666666665,4
stored,product/amplitude,interaction_g0.50,5,199,excluded,1.0,1.0,1.0,0.8,0.888888888888889,4
stored,product/amplitude,interaction_g0.50,6,50,excluded,0.8476190476190476,0.876923076923077,1.0,0.6,0.7499999999999999,3
stored,product/amplitude,interaction_g0.50,6,100,excluded,1.0,1.0,1.0,0.8,0.888888888888889,4
stored,product/amplitude,interaction_g0.50,6,199,excluded,1.0,1.0,1.0,0.8,0.888888888888889,4
stored,product/amplitude,interaction_g0.50,7,50,excluded,0.5809503301751364,0.6330163043478261,1.0,0.2,0.33333333333333337,1
stored,product/amplitude,interaction_g0.50,7,100,excluded,1.0,1.0,1.0,0.6,0.7499999999999999,3
stored,product/amplitude,interaction_g0.50,7,199,excluded,1.0,1.0,1.0,0.8,0.888888888888889,4
stored,product/amplitude,interaction_g0.50,8,50,excluded,0.5946778711484594,0.62,1.0,0.4,0.5714285714285715,2
stored,product/amplitude,interaction_g0.50,8,100,excluded,0.6726998491704375,0.7857142857142858,1.0,0.6,0.7499999999999999,3
stored,product/amplitude,interaction_g0.50,8,199,excluded,1.0,1.0,1.0,0.6,0.7499999999999999,3
stored,product/amplitude,interaction_g0.50,9,50,excluded,0.36151094276094276,0.24047619047619045,0.5,0.2,0.28571428571428575,2
stored,product/amplitude,interaction_g0.50,9,100,excluded,1.0,1.0,1.0,0.6,0.7499999999999999,3
stored,product/amplitude,interaction_g0.50,9,199,excluded,1.0,1.0,1.0,0.8,0.888888888888889,4
stored,product/amplitude,interaction_g0.75,0,50,excluded,0.31703668261562995,0.43562500000000004,0.5,0.2,0.28571428571428575,2
stored,product/amplitude,interaction_g0.75,0,100,excluded,0.8133333333333332,0.8153846153846154,0.8,0.8,0.8000000000000002,5
stored,product/amplitude,interaction_g0.75,0,199,excluded,1.0,1.0,1.0,0.8,0.888888888888889,4
stored,product/amplitude,interaction_g0.75,1,50,excluded,0.388269028041324,0.38493107769423557,0.6666666666666666,0.4,0.5,3
stored,product/amplitude,interaction_g0.75,1,100,excluded,0.6331158744951848,0.6850729517396185,1.0,0.6,0.7499999999999999,3
stored,product/amplitude,interaction_g0.75,1,199,excluded,1.0,1.0,1.0,0.8,0.888888888888889,4
stored,product/amplitude,interaction_g0.75,2,50,excluded,0.8333333333333334,0.7388888888888889,1.0,0.2,0.33333333333333337,1
stored,product/amplitude,interaction_g0.75,2,100,excluded,1.0,1.0,1.0,0.6,0.7499999999999999,3
stored,product/amplitude,interaction_g0.75,2,199,excluded,1.0,1.0,1.0,0.8,0.888888888888889,4
stored,product/amplitude,interaction_g0.75,3,50,excluded,0.16963924963924965,0.3671187424826843,0.5,0.2,0.28571428571428575,2
stored,product/amplitude,interaction_g0.75,3,100,excluded,1.0,1.0,1.0,0.6,0.7499999999999999,3
stored,product/amplitude,interaction_g0.75,3,199,excluded,0.6339080459770114,0.4642028985507246,0.6,0.6,0.6,5
stored,product/amplitude,interaction_g0.75,4,50,excluded,0.25794924134177044,0.21706630686918338,0.5,0.2,0.28571428571428575,2
stored,product/amplitude,interaction_g0.75,4,100,excluded,0.85,0.85,1.0,0.8,0.888888888888889,4
stored,product/amplitude,interaction_g0.75,4,199,excluded,1.0,1.0,1.0,0.8,0.888888888888889,4
stored,product/amplitude,interaction_g0.75,5,50,excluded,0.35313212608987254,0.5504273504273505,0.5,0.2,0.28571428571428575,2
stored,product/amplitude,interaction_g0.75,5,100,excluded,1.0,0.9666666666666666,1.0,0.6,0.7499999999999999,3
stored,product/amplitude,interaction_g0.75,5,199,excluded,1.0,1.0,1.0,0.8,0.888888888888889,4
stored,product/amplitude,interaction_g0.75,6,50,excluded,0.38917293233082706,0.34559139784946236,0.5,0.2,0.28571428571428575,2
stored,product/amplitude,interaction_g0.75,6,100,excluded,0.8434782608695652,1.0,1.0,0.8,0.888888888888889,4
stored,product/amplitude,interaction_g0.75,6,199,excluded,1.0,1.0,1.0,0.8,0.888888888888889,4
stored,product/amplitude,interaction_g0.75,7,50,excluded,0.15059212287357276,0.1477465918203689,0.5,0.2,0.28571428571428575,2
stored,product/amplitude,interaction_g0.75,7,100,excluded,0.6668468468468468,0.642454954954955,1.0,0.6,0.7499999999999999,3
stored,product/amplitude,interaction_g0.75,7,199,excluded,1.0,1.0,1.0,0.8,0.888888888888889,4
stored,product/amplitude,interaction_g0.75,8,50,excluded,0.3717236894757903,0.4711528822055137,0.6666666666666666,0.4,0.5,3
stored,product/amplitude,interaction_g0.75,8,100,excluded,0.8192307692307693,0.8454545454545455,1.0,0.4,0.5714285714285715,2
stored,product/amplitude,interaction_g0.75,8,199,excluded,1.0,1.0,1.0,0.8,0.888888888888889,4
stored,product/amplitude,interaction_g0.75,9,50,excluded,0.5458442486306263,0.5229629629629629,1.0,0.4,0.5714285714285715,2
stored,product/amplitude,interaction_g0.75,9,100,excluded,1.0,1.0,1.0,0.8,0.888888888888889,4
stored,product/amplitude,interaction_g0.75,9,199,excluded,1.0,1.0,1.0,0.8,0.888888888888889,4
stored,product/lengthscale,aligned10,0,50,excluded,0.19148455298106334,0.28327019837082207,nan,0.0,nan,0
stored,product/lengthscale,aligned10,0,100,excluded,0.8552272727272727,0.7510675883256528,nan,0.0,nan,0
stored,product/lengthscale,aligned10,0,199,ok,0.9476190476190476,0.9222222222222222,1.0,0.2,0.33333333333333337,2
stored,product/lengthscale,aligned10,1,50,excluded,0.11502087100815872,0.2070199748069767,0.0,0.0,0.0,1
stored,product/lengthscale,aligned10,1,100,excluded,0.5420665721542914,0.465416909349878,0.6666666666666666,0.2,0.30769230769230765,3
stored,product/lengthscale,aligned10,1,199,excluded,0.9697979797979798,0.9455555555555556,1.0,0.5,0.6666666666666666,5
stored,product/lengthscale,aligned10,2,50,ok,0.19909768720981538,0.26699534631180655,nan,0.0,nan,0
stored,product/lengthscale,aligned10,2,100,excluded,0.6973262293262292,0.7407428062133945,1.0,0.3,0.4615384615384615,3
stored,product/lengthscale,aligned10,2,199,ok,1.0,0.9809090909090908,1.0,0.2,0.33333333333333337,2
stored,product/lengthscale,aligned10,3,50,excluded,0.28396036367695165,0.31835374221270357,nan,0.0,nan,0
stored,product/lengthscale,aligned10,3,100,excluded,0.5694065451289598,0.5482678040558475,1.0,0.4,0.5714285714285715,4
stored,product/lengthscale,aligned10,3,199,excluded,0.7209991953770756,0.7257074526780409,0.8333333333333334,0.5,0.625,6
stored,product/lengthscale,aligned10,4,50,excluded,0.23348476517305278,0.1953887875697511,0.0,0.0,0.0,1
stored,product/lengthscale,aligned10,4,100,excluded,0.9525,0.7804563492063492,1.0,0.5,0.6666666666666666,5
stored,product/lengthscale,aligned10,4,199,ok,0.932258064516129,0.990909090909091,1.0,0.6,0.7499999999999999,6
stored,product/lengthscale,aligned10,5,50,ok,0.30063591720308136,0.2174340101121838,nan,0.0,nan,0
stored,product/lengthscale,aligned10,5,100,ok,0.6796639296450845,0.5872213529442445,1.0,0.4,0.5714285714285715,4
stored,product/lengthscale,aligned10,5,199,excluded,0.8270085470085469,0.802077922077922,1.0,0.6,0.7499999999999999,6
stored,product/lengthscale,aligned10,6,50,excluded,0.3128625530104021,0.3721409438514702,nan,0.0,nan,0
stored,product/lengthscale,aligned10,6,100,excluded,0.44363061509418544,0.47948150296029307,0.8,0.4,0.5333333333333333,5
stored,product/lengthscale,aligned10,6,199,ok,0.9333333333333332,0.9147058823529411,1.0,0.7,0.8235294117647058,7
stored,product/lengthscale,aligned10,7,50,excluded,0.5024736082630821,0.5827652382826504,1.0,0.2,0.33333333333333337,2
stored,product/lengthscale,aligned10,7,100,excluded,0.6635241301907968,0.8321392058234164,1.0,0.5,0.6666666666666666,5
stored,product/lengthscale,aligned10,7,199,excluded,1.0,0.9128205128205128,1.0,0.9,0.9473684210526316,9
stored,product/lengthscale,aligned10,8,50,excluded,0.3368045010262057,0.388314295353769,nan,0.0,nan,0
stored,product/lengthscale,aligned10,8,100,excluded,0.655747450300425,0.7155555555555555,nan,0.0,nan,0
stored,product/lengthscale,aligned10,8,199,ok,0.8640040962621608,0.883478260869565,1.0,0.2,0.33333333333333337,2
stored,product/lengthscale,aligned10,9,50,excluded,0.27731959412273993,0.39866952477009404,1.0,0.1,0.18181818181818182,1
stored,product/lengthscale,aligned10,9,100,excluded,0.73587657956079,0.7127493778151672,0.6666666666666666,0.2,0.30769230769230765,3
stored,product/lengthscale,aligned10,9,199,ok,0.93125,0.9166666666666667,1.0,0.9,0.9473684210526316,9
stored,product/lengthscale,aligned3,0,50,ok,1.0,1.0,1.0,0.3333333333333333,0.5,1
stored,product/lengthscale,aligned3,0,100,ok,1.0,1.0,1.0,1.0,1.0,3
stored,product/lengthscale,aligned3,0,199,ok,1.0,1.0,1.0,1.0,1.0,3
stored,product/lengthscale,aligned3,1,50,excluded,0.215034965034965,0.14420289855072463,0.5,0.3333333333333333,0.4,2
stored,product/lengthscale,aligned3,1,100,ok,1.0,1.0,1.0,0.6666666666666666,0.8,2
stored,product/lengthscale,aligned3,1,199,ok,1.0,1.0,1.0,0.6666666666666666,0.8,2
stored,product/lengthscale,aligned3,2,50,ok,1.0,1.0,1.0,1.0,1.0,3
stored,product/lengthscale,aligned3,2,100,ok,1.0,1.0,1.0,1.0,1.0,3
stored,product/lengthscale,aligned3,2,199,ok,1.0,1.0,1.0,1.0,1.0,3
stored,product/lengthscale,aligned3,3,50,ok,0.8095238095238094,0.404040404040404,1.0,0.6666666666666666,0.8,2
stored,product/lengthscale,aligned3,3,100,excluded,1.0,1.0,1.0,1.0,1.0,3
stored,product/lengthscale,aligned3,3,199,ok,1.0,1.0,1.0,1.0,1.0,3
stored,product/lengthscale,aligned3,4,50,ok,1.0,1.0,1.0,1.0,1.0,3
stored,product/lengthscale,aligned3,4,100,ok,1.0,1.0,1.0,1.0,1.0,3
stored,product/lengthscale,aligned3,4,199,ok,1.0,1.0,1.0,1.0,1.0,3
stored,product/lengthscale,aligned3,5,50,ok,1.0,1.0,1.0,1.0,1.0,3
stored,product/lengthscale,aligned3,5,100,ok,1.0,1.0,1.0,1.0,1.0,3
stored,product/lengthscale,aligned3,5,199,ok,1.0,1.0,1.0,0.6666666666666666,0.8,2
stored,product/lengthscale,aligned3,6,50,ok,1.0,1.0,1.0,1.0,1.0,3
stored,product/lengthscale,aligned3,6,100,ok,1.0,1.0,1.0,1.0,1.0,3
stored,product/lengthscale,aligned3,6,199,excluded,1.0,1.0,1.0,1.0,1.0,3
stored,product/lengthscale,aligned3,7,50,excluded,1.0,1.0,1.0,1.0,1.0,3
stored,product/lengthscale,aligned3,7,100,ok,1.0,1.0,1.0,1.0,1.0,3
stored,product/lengthscale,aligned3,7,199,excluded,1.0,1.0,1.0,1.0,1.0,3
stored,product/lengthscale,aligned3,8,50,ok,1.0,1.0,1.0,1.0,1.0,3
stored,product/lengthscale,aligned3,8,100,excluded,1.0,1.0,1.0,1.0,1.0,3
stored,product/lengthscale,aligned3,8,199,ok,1.0,1.0,1.0,1.0,1.0,3
stored,product/lengthscale,aligned3,9,50,excluded,0.8333333333333334,0.9166666666666666,1.0,0.6666666666666666,0.8,2
stored,product/lengthscale,aligned3,9,100,excluded,1.0,1.0,1.0,1.0,1.0,3
stored,product/lengthscale,aligned3,9,199,ok,1.0,1.0,1.0,1.0,1.0,3
stored,product/lengthscale,anti_aligned,0,50,excluded,0.7592592592592592,0.7976190476190476,1.0,0.3333333333333333,0.5,2
stored,product/lengthscale,anti_aligned,0,100,excluded,0.8439716312056738,0.8259637188208616,nan,0.0,nan,0
stored,product/lengthscale,anti_aligned,0,199,ok,0.9761904761904763,0.9761904761904763,1.0,0.16666666666666666,0.2857142857142857,1
stored,product/lengthscale,anti_aligned,1,50,excluded,0.3103124117314754,0.42777087646652867,1.0,0.16666666666666666,0.2857142857142857,1
stored,product/lengthscale,anti_aligned,1,100,ok,0.6934523809523809,0.47278726002130256,1.0,0.5,0.6666666666666666,3
stored,product/lengthscale,anti_aligned,1,199,ok,1.0,0.7604166666666666,1.0,0.5,0.6666666666666666,3
stored,product/lengthscale,anti_aligned,2,50,excluded,0.4703703703703703,0.5428571428571428,1.0,0.16666666666666666,0.2857142857142857,1
stored,product/lengthscale,anti_aligned,2,100,excluded,0.5770418652462387,0.6120283632578715,0.5,0.16666666666666666,0.25,2
stored,product/lengthscale,anti_aligned,2,199,ok,1.0,1.0,1.0,0.5,0.6666666666666666,3
stored,product/lengthscale,anti_aligned,3,50,excluded,0.2319656293757073,0.16082520596122016,1.0,0.16666666666666666,0.2857142857142857,1
stored,product/lengthscale,anti_aligned,3,100,excluded,0.5599856321839081,0.400915750915751,0.6666666666666666,0.3333333333333333,0.4444444444444444,3
stored,product/lengthscale,anti_aligned,3,199,excluded,0.6956647637958137,0.6968954248366012,1.0,0.6666666666666666,0.8,4
stored,product/lengthscale,anti_aligned,4,50,excluded,0.23454277608031426,0.24444574125946675,1.0,0.16666666666666666,0.2857142857142857,1
stored,product/lengthscale,anti_aligned,4,100,ok,0.6842577030812325,0.5061431623931624,1.0,0.5,0.6666666666666666,3
stored,product/lengthscale,anti_aligned,4,199,excluded,0.8603603603603603,0.9761904761904763,1.0,0.8333333333333334,0.9090909090909091,5
stored,product/lengthscale,anti_aligned,5,50,ok,0.4200093370681606,0.4796594982078853,1.0,0.16666666666666666,0.2857142857142857,1
stored,product/lengthscale,anti_aligned,5,100,ok,0.8717948717948718,0.8555555555555555,1.0,0.6666666666666666,0.8,4
stored,product/lengthscale,anti_aligned,5,199,ok,0.85,0.9583333333333334,1.0,0.6666666666666666,0.8,4
stored,product/lengthscale,anti_aligned,6,50,excluded,0.8626373626373627,0.7164502164502164,1.0,0.3333333333333333,0.5,2
stored,product/lengthscale,anti_aligned,6,100,ok,0.8241758241758242,0.7064285714285714,1.0,0.6666666666666666,0.8,4
stored,product/lengthscale,anti_aligned,6,199,ok,0.8333333333333334,0.6853472222222221,1.0,0.6666666666666666,0.8,4
stored,product/lengthscale,anti_aligned,7,50,excluded,0.1016816729613117,0.20058289815386976,0.0,0.0,0.0,1
stored,product/lengthscale,anti_aligned,7,100,ok,0.5312187812187813,0.44204365079365077,0.75,0.5,0.6,4
stored,product/lengthscale,anti_aligned,7,199,ok,0.9583333333333334,0.84375,1.0,0.8333333333333334,0.9090909090909091,5
stored,product/lengthscale,anti_aligned,8,50,excluded,0.4014032829822303,0.2271101873093461,nan,0.0,nan,0
stored,product/lengthscale,anti_aligned,8,100,excluded,0.8412698412698413,0.9166666666666666,1.0,0.6666666666666666,0.8,4
stored,product/lengthscale,anti_aligned,8,199,excluded,0.8555555555555555,0.8476190476190476,1.0,0.6666666666666666,0.8,4
stored,product/lengthscale,anti_aligned,9,50,ok,0.6899761206990123,0.6905570652173912,1.0,0.5,0.6666666666666666,3
stored,product/lengthscale,anti_aligned,9,100,excluded,1.0,0.8433333333333333,1.0,0.3333333333333333,0.5,2
stored,product/lengthscale,anti_aligned,9,199,ok,0.8603603603603603,0.9583333333333334,1.0,0.6666666666666666,0.8,4
stored,product/lengthscale,decoupled,0,50,excluded,0.17962937883712532,0.2966799693362194,nan,0.0,nan,0
stored,product/lengthscale,decoupled,0,100,excluded,0.5362103174603174,0.5068661236424394,0.5,0.125,0.2,2
stored,product/lengthscale,decoupled,0,199,ok,1.0,0.9861111111111112,1.0,0.25,0.4,2
stored,product/lengthscale,decoupled,1,50,excluded,0.08166166857604959,0.09944150739420428,0.0,0.0,0.0,1
stored,product/lengthscale,decoupled,1,100,excluded,0.2886558572536084,0.3245476854162151,0.6666666666666666,0.25,0.36363636363636365,3
stored,product/lengthscale,decoupled,1,199,ok,0.8864942528735632,0.7741129032258065,1.0,0.625,0.7692307692307693,5
stored,product/lengthscale,decoupled,2,50,ok,0.13322423449979584,0.27925879452539415,nan,0.0,nan,0
stored,product/lengthscale,decoupled,2,100,excluded,0.47124274099883856,0.5744929074990808,1.0,0.375,0.5454545454545454,3
stored,product/lengthscale,decoupled,2,199,excluded,0.5822358648403541,0.5467960858585857,1.0,0.375,0.5454545454545454,3
stored,product/lengthscale,decoupled,3,50,excluded,0.2007670308129112,0.29623613573483676,0.25,0.125,0.16666666666666666,4
stored,product/lengthscale,decoupled,3,100,excluded,0.6579080329782577,0.6162523258904838,0.75,0.375,0.5,4
stored,product/lengthscale,decoupled,3,199,excluded,0.9464285714285714,0.9583333333333333,1.0,0.75,0.8571428571428571,6
stored,product/lengthscale,decoupled,4,50,excluded,0.25807557764889993,0.47033340400941237,1.0,0.125,0.2222222222222222,1
stored,product/lengthscale,decoupled,4,100,excluded,0.7197681704260651,0.5699774645186038,1.0,0.375,0.5454545454545454,3
stored,product/lengthscale,decoupled,4,199,ok,1.0,1.0,1.0,0.25,0.4,2
stored,product/lengthscale,decoupled,5,50,excluded,0.20851227495687522,0.22400270960208482,1.0,0.125,0.2222222222222222,1
stored,product/lengthscale,decoupled,5,100,ok,0.38874196294228053,0.5154166666666666,1.0,0.125,0.2222222222222222,1
stored,product/lengthscale,decoupled,5,199,excluded,1.0,0.885,1.0,1.0,1.0,8
stored,product/lengthscale,decoupled,6,50,excluded,0.15618144790955912,0.1924340342197485,nan,0.0,nan,0
stored,product/lengthscale,decoupled,6,100,excluded,0.39682517258699795,0.3697525149970802,0.5,0.125,0.2,2
stored,product/lengthscale,decoupled,6,199,excluded,0.8618035190615836,0.7790242165242165,1.0,0.5,0.6666666666666666,4
stored,product/lengthscale,decoupled,7,50,excluded,0.07681368876221817,0.2403103146853147,nan,0.0,nan,0
stored,product/lengthscale,decoupled,7,100,excluded,0.21353131387602456,0.23410494786794095,nan,0.0,nan,0
stored,product/lengthscale,decoupled,7,199,excluded,0.7875207641196013,0.84375,1.0,0.5,0.6666666666666666,4
stored,product/lengthscale,decoupled,8,50,excluded,0.2563405797101449,0.35401906554653884,nan,0.0,nan,0
stored,product/lengthscale,decoupled,8,100,excluded,0.7955821513002364,0.7842612634279301,1.0,0.375,0.5454545454545454,3
stored,product/lengthscale,decoupled,8,199,excluded,0.9276315789473684,0.9464285714285714,1.0,0.5,0.6666666666666666,4
stored,product/lengthscale,decoupled,9,50,excluded,0.18840936212451892,0.29594122759695496,0.0,0.0,0.0,1
stored,product/lengthscale,decoupled,9,100,excluded,0.40138403263403266,0.30491495840760546,0.6666666666666666,0.25,0.36363636363636365,3
stored,product/lengthscale,decoupled,9,199,ok,0.9583333333333333,0.869375,1.0,0.875,0.9333333333333333,7
stored,product/lengthscale,interaction_g0.00,0,50,excluded,0.570185821560392,0.580038510911425,1.0,0.2,0.33333333333333337,1
stored,product/lengthscale,interaction_g0.00,0,100,ok,1.0,1.0,1.0,0.6,0.7499999999999999,3
stored,product/lengthscale,interaction_g0.00,0,199,ok,1.0,1.0,1.0,0.6,0.7499999999999999,3
stored,product/lengthscale,interaction_g0.00,1,50,ok,0.2501113400979377,0.2538466783557374,1.0,0.2,0.33333333333333337,1
stored,product/lengthscale,interaction_g0.00,1,100,excluded,0.36805019305019304,0.32801075268817204,0.5,0.2,0.28571428571428575,2
stored,product/lengthscale,interaction_g0.00,1,199,ok,1.0,1.0,1.0,1.0,1.0,5
stored,product/lengthscale,interaction_g0.00,2,50,excluded,0.13953639982561006,0.23607843137254897,0.0,0.0,0.0,1
stored,product/lengthscale,interaction_g0.00,2,100,ok,1.0,1.0,1.0,0.4,0.5714285714285715,2
stored,product/lengthscale,interaction_g0.00,2,199,ok,1.0,1.0,1.0,0.6,0.7499999999999999,3
stored,product/lengthscale,interaction_g0.00,3,50,excluded,0.2846481481481482,0.2924595055413469,1.0,0.2,0.33333333333333337,1
stored,product/lengthscale,interaction_g0.00,3,100,ok,0.136307847082495,0.2720979020979021,0.5,0.2,0.28571428571428575,2
stored,product/lengthscale,interaction_g0.00,3,199,excluded,0.9666666666666666,0.9666666666666666,1.0,0.8,0.888888888888889,4
stored,product/lengthscale,interaction_g0.00,4,50,excluded,0.4803196803196803,0.24031746031746032,1.0,0.2,0.33333333333333337,1
stored,product/lengthscale,interaction_g0.00,4,100,excluded,1.0,0.9666666666666666,1.0,0.6,0.7499999999999999,3
stored,product/lengthscale,interaction_g0.00,4,199,ok,1.0,1.0,1.0,0.6,0.7499999999999999,3
stored,product/lengthscale,interaction_g0.00,5,50,excluded,0.6446031746031746,0.5516791979949874,1.0,0.2,0.33333333333333337,1
stored,product/lengthscale,interaction_g0.00,5,100,excluded,0.8666666666666666,0.8253968253968254,1.0,0.4,0.5714285714285715,2
stored,product/lengthscale,interaction_g0.00,5,199,ok,1.0,1.0,1.0,1.0,1.0,5
stored,product/lengthscale,interaction_g0.00,6,50,excluded,0.6384615384615384,0.7961904761904762,1.0,0.4,0.5714285714285715,2
stored,product/lengthscale,interaction_g0.00,6,100,ok,1.0,1.0,1.0,0.6,0.7499999999999999,3
stored,product/lengthscale,interaction_g0.00,6,199,ok,1.0,1.0,1.0,0.6,0.7499999999999999,3
stored,product/lengthscale,interaction_g0.00,7,50,ok,0.7709090909090909,0.9666666666666666,1.0,0.6,0.7499999999999999,3
stored,product/lengthscale,interaction_g0.00,7,100,excluded,0.710204081632653,0.7766666666666666,0.6666666666666666,0.4,0.5,3
stored,product/lengthscale,interaction_g0.00,7,199,excluded,0.792258064516129,0.8185185185185185,0.6666666666666666,0.8,0.7272727272727272,6
stored,product/lengthscale,interaction_g0.00,8,50,excluded,0.4631484794275492,0.5578787878787879,nan,0.0,nan,0
stored,product/lengthscale,interaction_g0.00,8,100,excluded,0.8102564102564103,0.86,1.0,0.2,0.33333333333333337,1
stored,product/lengthscale,interaction_g0.00,8,199,excluded,0.6861904761904761,0.9428571428571428,0.5,0.2,0.28571428571428575,2
stored,product/lengthscale,interaction_g0.00,9,50,excluded,0.2680041011619959,0.4022222222222222,nan,0.0,nan,0
stored,product/lengthscale,interaction_g0.00,9,100,excluded,0.4297643097643098,0.3405263157894737,0.5,0.2,0.28571428571428575,2
stored,product/lengthscale,interaction_g0.00,9,199,ok,1.0,1.0,1.0,0.6,0.7499999999999999,3
stored,product/lengthscale,interaction_g0.25,0,50,ok,0.18063795853269538,0.31829228243021346,0.5,0.2,0.28571428571428575,2
stored,product/lengthscale,interaction_g0.25,0,100,ok,1.0,1.0,1.0,0.6,0.7499999999999999,3
stored,product/lengthscale,interaction_g0.25,0,199,ok,1.0,1.0,1.0,1.0,1.0,5
stored,product/lengthscale,interaction_g0.25,1,50,excluded,0.49012879593524755,0.4781481481481481,1.0,0.2,0.33333333333333337,1
stored,product/lengthscale,interaction_g0.25,1,100,ok,0.83125,0.8166666666666667,1.0,0.8,0.888888888888889,4
stored,product/lengthscale,interaction_g0.25,1,199,ok,1.0,1.0,1.0,1.0,1.0,5
stored,product/lengthscale,interaction_g0.25,2,50,ok,0.26240555614016625,0.32002659574468084,nan,0.0,nan,0
stored,product/lengthscale,interaction_g0.25,2,100,excluded,0.513888888888889,0.5417748917748917,0.5,0.2,0.28571428571428575,2
stored,product/lengthscale,interaction_g0.25,2,199,ok,1.0,1.0,1.0,1.0,1.0,5
stored,product/lengthscale,interaction_g0.25,3,50,excluded,0.4813725490196079,0.3191017316017316,1.0,0.2,0.33333333333333337,1
stored,product/lengthscale,interaction_g0.25,3,100,excluded,0.9428571428571428,0.9666666666666666,1.0,0.8,0.888888888888889,4
stored,product/lengthscale,interaction_g0.25,3,199,ok,1.0,1.0,1.0,0.8,0.888888888888889,4
stored,product/lengthscale,interaction_g0.25,4,50,ok,0.07662744648781726,0.10011488158359845,nan,0.0,nan,0
stored,product/lengthscale,interaction_g0.25,4,100,excluded,1.0,1.0,1.0,0.8,0.888888888888889,4
stored,product/lengthscale,interaction_g0.25,4,199,ok,1.0,1.0,1.0,1.0,1.0,5
stored,product/lengthscale,interaction_g0.25,5,50,excluded,0.1100897170462388,0.1710374149659864,0.0,0.0,0.0,2
stored,product/lengthscale,interaction_g0.25,5,100,excluded,1.0,0.8099999999999999,1.0,0.8,0.888888888888889,4
stored,product/lengthscale,interaction_g0.25,5,199,excluded,1.0,1.0,1.0,0.8,0.888888888888889,4
stored,product/lengthscale,interaction_g0.25,6,50,excluded,0.4960467205750224,0.6746031746031746,1.0,0.4,0.5714285714285715,2
stored,product/lengthscale,interaction_g0.25,6,100,ok,1.0,1.0,1.0,1.0,1.0,5
stored,product/lengthscale,interaction_g0.25,6,199,ok,1.0,1.0,1.0,0.8,0.888888888888889,4
stored,product/lengthscale,interaction_g0.25,7,50,excluded,0.6467857142857143,0.876923076923077,1.0,0.4,0.5714285714285715,2
stored,product/lengthscale,interaction_g0.25,7,100,excluded,0.6019466248037676,0.6359649122807017,0.6666666666666666,0.4,0.5,3
stored,product/lengthscale,interaction_g0.25,7,199,ok,1.0,1.0,1.0,1.0,1.0,5
stored,product/lengthscale,interaction_g0.25,8,50,ok,0.3434570191713049,0.4404906790302328,1.0,0.2,0.33333333333333337,1
stored,product/lengthscale,interaction_g0.25,8,100,excluded,0.3986059743954481,0.30186883029073697,0.5,0.2,0.28571428571428575,2
stored,product/lengthscale,interaction_g0.25,8,199,ok,1.0,0.8099999999999999,1.0,0.8,0.888888888888889,4
stored,product/lengthscale,interaction_g0.25,9,50,excluded,0.2709757685817008,0.10874495184840012,nan,0.0,nan,0
stored,product/lengthscale,interaction_g0.25,9,100,excluded,1.0,0.8099999999999999,1.0,1.0,1.0,5
stored,product/lengthscale,interaction_g0.25,9,199,ok,1.0,1.0,1.0,1.0,1.0,5
stored,product/lengthscale,interaction_g0.50,0,50,excluded,0.38439347886156394,0.3265845265845266,0.5,0.2,0.28571428571428575,2
stored,product/lengthscale,interaction_g0.50,0,100,excluded,0.8434782608695652,1.0,1.0,0.8,0.888888888888889,4
stored,product/lengthscale,interaction_g0.50,0,199,excluded,1.0,1.0,1.0,1.0,1.0,5
stored,product/lengthscale,interaction_g0.50,1,50,excluded,0.26276181934570714,0.24356568986869878,1.0,0.2,0.33333333333333337,1
stored,product/lengthscale,interaction_g0.50,1,100,excluded,0.9266666666666665,0.8761904761904763,1.0,0.6,0.7499999999999999,3
stored,product/lengthscale,interaction_g0.50,1,199,ok,1.0,1.0,1.0,0.8,0.888888888888889,4
stored,product/lengthscale,interaction_g0.50,2,50,excluded,0.14315766359244622,0.27152882205513784,nan,0.0,nan,0
stored,product/lengthscale,interaction_g0.50,2,100,excluded,0.8099999999999999,0.8766666666666666,1.0,0.2,0.33333333333333337,1
stored,product/lengthscale,interaction_g0.50,2,199,ok,1.0,0.8099999999999999,1.0,1.0,1.0,5
stored,product/lengthscale,interaction_g0.50,3,50,excluded,0.33136190992946285,0.35835971656867177,1.0,0.2,0.33333333333333337,1
stored,product/lengthscale,interaction_g0.50,3,100,excluded,0.8242424242424242,0.7533333333333333,1.0,0.4,0.5714285714285715,2
stored,product/lengthscale,interaction_g0.50,3,199,ok,1.0,1.0,1.0,0.8,0.888888888888889,4
stored,product/lengthscale,interaction_g0.50,4,50,ok,0.5589140271493214,0.3858064516129033,1.0,0.4,0.5714285714285715,2
stored,product/lengthscale,interaction_g0.50,4,100,excluded,0.7636363636363636,0.7433333333333333,1.0,0.6,0.7499999999999999,3
stored,product/lengthscale,interaction_g0.50,4,199,ok,1.0,1.0,1.0,0.8,0.888888888888889,4
stored,product/lengthscale,interaction_g0.50,5,50,excluded,0.18689826302729529,0.13270596652467787,nan,0.0,nan,0
stored,product/lengthscale,interaction_g0.50,5,100,excluded,0.5333333333333334,0.5549612403100774,0.6666666666666666,0.4,0.5,3
stored,product/lengthscale,interaction_g0.50,5,199,ok,1.0,0.8099999999999999,1.0,0.8,0.888888888888889,4
stored,product/lengthscale,interaction_g0.50,6,50,excluded,0.634221525600836,0.6145833333333333,1.0,0.2,0.33333333333333337,1
stored,product/lengthscale,interaction_g0.50,6,100,ok,0.8625,1.0,1.0,0.8,0.888888888888889,4
stored,product/lengthscale,interaction_g0.50,6,199,ok,1.0,1.0,1.0,0.8,0.888888888888889,4
stored,product/lengthscale,interaction_g0.50,7,50,ok,0.6251077164120642,0.7084415584415584,1.0,0.4,0.5714285714285715,2
stored,product/lengthscale,interaction_g0.50,7,100,excluded,0.75,0.7592857142857142,1.0,0.6,0.7499999999999999,3
stored,product/lengthscale,interaction_g0.50,7,199,excluded,1.0,1.0,1.0,1.0,1.0,5
stored,product/lengthscale,interaction_g0.50,8,50,excluded,0.43468188193293383,0.4520364939719779,1.0,0.4,0.5714285714285715,2
stored,product/lengthscale,interaction_g0.50,8,100,excluded,0.8016666666666665,0.8761904761904763,1.0,0.6,0.7499999999999999,3
stored,product/lengthscale,interaction_g0.50,8,199,ok,1.0,1.0,1.0,0.8,0.888888888888889,4
stored,product/lengthscale,interaction_g0.50,9,50,ok,0.5489439374185137,0.5191928456775969,1.0,0.4,0.5714285714285715,2
stored,product/lengthscale,interaction_g0.50,9,100,excluded,0.8555555555555555,0.810204081632653,1.0,0.6,0.7499999999999999,3
stored,product/lengthscale,interaction_g0.50,9,199,ok,1.0,0.618080808080808,1.0,1.0,1.0,5
stored,product/lengthscale,interaction_g0.75,0,50,excluded,0.3341397849462366,0.510894660894661,1.0,0.2,0.33333333333333337,1
stored,product/lengthscale,interaction_g0.75,0,100,excluded,0.925,0.7933333333333333,0.8,0.8,0.8000000000000002,5
stored,product/lengthscale,interaction_g0.75,0,199,ok,1.0,1.0,1.0,1.0,1.0,5
stored,product/lengthscale,interaction_g0.75,1,50,excluded,0.4835934373749501,0.40905744515260506,1.0,0.2,0.33333333333333337,1
stored,product/lengthscale,interaction_g0.75,1,100,excluded,0.6170588235294118,0.6232718894009216,0.75,0.6,0.6666666666666665,4
stored,product/lengthscale,interaction_g0.75,1,199,ok,1.0,0.8099999999999999,1.0,0.8,0.888888888888889,4
stored,product/lengthscale,interaction_g0.75,2,50,excluded,0.3337419024639906,0.42924181082075813,1.0,0.2,0.33333333333333337,1
stored,product/lengthscale,interaction_g0.75,2,100,excluded,1.0,0.9428571428571428,1.0,1.0,1.0,5
stored,product/lengthscale,interaction_g0.75,2,199,ok,1.0,1.0,1.0,1.0,1.0,5
stored,product/lengthscale,interaction_g0.75,3,50,excluded,0.28860496285997017,0.26148736972266384,1.0,0.2,0.33333333333333337,1
stored,product/lengthscale,interaction_g0.75,3,100,excluded,0.5989583333333333,0.45485407066052214,0.75,0.6,0.6666666666666665,4
stored,product/lengthscale,interaction_g0.75,3,199,ok,1.0,1.0,1.0,0.8,0.888888888888889,4
stored,product/lengthscale,interaction_g0.75,4,50,excluded,0.46896135265700484,0.5511046511627907,1.0,0.4,0.5714285714285715,2
stored,product/lengthscale,interaction_g0.75,4,100,excluded,0.7282828282828283,0.6694117647058823,1.0,0.6,0.7499999999999999,3
stored,product/lengthscale,interaction_g0.75,4,199,ok,1.0,1.0,1.0,0.8,0.888888888888889,4
stored,product/lengthscale,interaction_g0.75,5,50,excluded,0.38898692810457514,0.3934942528735632,1.0,0.2,0.33333333333333337,1
stored,product/lengthscale,interaction_g0.75,5,100,excluded,0.35500184569952015,0.22030773655450103,0.2,0.2,0.20000000000000004,5
stored,product/lengthscale,interaction_g0.75,5,199,ok,1.0,0.8099999999999999,1.0,0.8,0.888888888888889,4
stored,product/lengthscale,interaction_g0.75,6,50,excluded,0.2419037583421145,0.24479549388936256,0.0,0.0,0.0,2
stored,product/lengthscale,interaction_g0.75,6,100,excluded,1.0,1.0,1.0,0.8,0.888888888888889,4
stored,product/lengthscale,interaction_g0.75,6,199,excluded,1.0,1.0,1.0,0.8,0.888888888888889,4
stored,product/lengthscale,interaction_g0.75,7,50,excluded,0.290510878010878,0.2471596145789694,0.5,0.2,0.28571428571428575,2
stored,product/lengthscale,interaction_g0.75,7,100,ok,0.6725274725274725,0.6261387824606215,1.0,0.6,0.7499999999999999,3
stored,product/lengthscale,interaction_g0.75,7,199,excluded,1.0,1.0,1.0,1.0,1.0,5
stored,product/lengthscale,interaction_g0.75,8,50,excluded,0.32439324116743473,0.29472270016734625,0.5,0.2,0.28571428571428575,2
stored,product/lengthscale,interaction_g0.75,8,100,excluded,0.44818181818181824,0.4040078201368524,0.3333333333333333,0.2,0.25,3
stored,product/lengthscale,interaction_g0.75,8,199,ok,1.0,1.0,1.0,0.8,0.888888888888889,4
stored,product/lengthscale,interaction_g0.75,9,50,excluded,0.4582652043868395,0.4447394540942928,1.0,0.4,0.5714285714285715,2
stored,product/lengthscale,interaction_g0.75,9,100,excluded,0.787027027027027,0.2576641414141414,1.0,0.6,0.7499999999999999,3
stored,product/lengthscale,interaction_g0.75,9,199,ok,1.0,1.0,1.0,0.8,0.888888888888889,4
